   8.2670000e-04   1.0767000e-03   4.6344765e-01   1.3267000e-03   1.5767000e-03  -4.6344765e-01   1.8267000e-03   2.0767000e-03   4.6344765e-01   6.4590000e-04   9.0000000e-04   4.0943913e-01   1.1506000e-03   1.4014000e-03  -4.1187190e-01   1.6521000e-03   1.9019000e-03   4.0974690e-01   7.2190000e-04   9.7480000e-04   4.6172498e-01   1.2259000e-03   1.4760000e-03  -4.5976075e-01   1.7263000e-03   1.9761000e-03   4.5867600e-01   6.4590000e-04   9.0000000e-04   4.0943708e-01   1.1506000e-03   1.4014000e-03  -4.1186984e-01   1.6521000e-03   1.9019000e-03   4.0974485e-01  -1.2000000e+01
   8.3660000e-04   1.0866000e-03   5.1742130e-01   1.3366000e-03   1.5866000e-03  -5.1742130e-01   1.8366000e-03   2.0866000e-03   5.1742130e-01   6.5520000e-04   9.0960000e-04   4.5862822e-01   1.1607000e-03   1.4113000e-03  -4.5970777e-01   1.6620000e-03   1.9118000e-03   4.5740626e-01   7.3190000e-04   9.8460000e-04   5.1601570e-01   1.2359000e-03   1.4859000e-03  -5.1315479e-01   1.7361000e-03   1.9860000e-03   5.1207559e-01   6.5520000e-04   9.0960000e-04   4.5862593e-01   1.1607000e-03   1.4113000e-03  -4.5970547e-01   1.6620000e-03   1.9118000e-03   4.5740397e-01  -1.2000000e+01
   8.5670000e-04   1.1066000e-03   6.2085990e-01   1.3567000e-03   1.6066000e-03  -6.2085991e-01   1.8567000e-03   2.1066000e-03   6.2085991e-01   6.7410000e-04   9.2940000e-04   5.5367032e-01   1.1811000e-03   1.4315000e-03  -5.5135091e-01   1.6821000e-03   1.9318000e-03   5.4871210e-01   7.5200000e-04   1.0047000e-03   6.2037741e-01   1.2562000e-03   1.5060000e-03  -6.1542076e-01   1.7562000e-03   2.0060000e-03   6.1440211e-01   6.7410000e-04   9.2940000e-04   5.5366755e-01   1.1811000e-03   1.4315000e-03  -5.5134816e-01   1.6821000e-03   1.9318000e-03   5.4870936e-01  -1.1000000e+01
   8.7360000e-04   1.1236000e-03   7.0066126e-01   1.3736000e-03   1.6236000e-03  -7.0066127e-01   1.8736000e-03   2.1236000e-03   7.0066127e-01   6.9020000e-04   9.4600000e-04   6.2764033e-01   1.1984000e-03   1.4486000e-03  -6.2203784e-01   1.6991000e-03   1.9488000e-03   6.1912657e-01   7.6900000e-04   1.0217000e-03   7.0117305e-01   1.2733000e-03   1.5230000e-03  -6.9427155e-01   1.7731000e-03   2.0230000e-03   6.9333474e-01   6.9020000e-04   9.4600000e-04   6.2763719e-01   1.1984000e-03   1.4486000e-03  -6.2203473e-01   1.6991000e-03   1.9488000e-03   6.1912347e-01  -1.1000000e+01
   8.7840000e-04   1.1284000e-03   7.2184271e-01   1.3784000e-03   1.6284000e-03  -7.2184270e-01   1.8784000e-03   2.1284000e-03   7.2184270e-01   6.9470000e-04   9.5080000e-04   6.4736158e-01   1.2033000e-03   1.4534000e-03  -6.4079988e-01   1.7039000e-03   1.9536000e-03   6.3781282e-01   7.7380000e-04   1.0265000e-03   7.2265913e-01   1.2781000e-03   1.5278000e-03  -7.1519523e-01   1.7779000e-03   2.0278000e-03   7.1428400e-01   6.9470000e-04   9.5080000e-04   6.4735834e-01   1.2033000e-03   1.4534000e-03  -6.4079667e-01   1.7039000e-03   1.9536000e-03   6.3780963e-01  -1.1000000e+01
   8.8250000e-04   1.1324000e-03   7.3940635e-01   1.3825000e-03   1.6324000e-03  -7.3940634e-01   1.8825000e-03   2.1324000e-03   7.3940634e-01   6.9860000e-04   9.5480000e-04   6.6374085e-01   1.2074000e-03   1.4575000e-03  -6.5635764e-01   1.7080000e-03   1.9577000e-03   6.5330634e-01   7.7790000e-04   1.0306000e-03   7.4048815e-01   1.2823000e-03   1.5319000e-03  -7.3254366e-01   1.7820000e-03   2.0319000e-03   7.3165460e-01   6.9860000e-04   9.5480000e-04   6.6373753e-01   1.2074000e-03   1.4575000e-03  -6.5635436e-01   1.7080000e-03   1.9577000e-03   6.5330307e-01  -1.1000000e+01
   8.8680000e-04   1.1367000e-03   7.5728994e-01   1.3868000e-03   1.6367000e-03  -7.5728991e-01   1.8868000e-03   2.1367000e-03   7.5728991e-01   7.0270000e-04   9.5900000e-04   6.8044232e-01   1.2118000e-03   1.4618000e-03  -6.7219924e-01   1.7123000e-03   1.9620000e-03   6.6908107e-01   7.8220000e-04   1.0349000e-03   7.5865376e-01   1.2866000e-03   1.5363000e-03  -7.5020684e-01   1.7863000e-03   2.0362000e-03   7.4934114e-01   7.0270000e-04   9.5900000e-04   6.8043891e-01   1.2118000e-03   1.4618000e-03  -6.7219588e-01   1.7123000e-03   1.9620000e-03   6.6907773e-01   1.1000000e+01
   8.9530000e-04   1.1453000e-03   7.9122422e-01   1.3953000e-03   1.6453000e-03  -7.9122411e-01   1.8953000e-03   2.1453000e-03   7.9122412e-01   7.1090000e-04   9.6740000e-04   7.1219698e-01   1.2204000e-03   1.4704000e-03  -7.0226067e-01   1.7208000e-03   1.9705000e-03   6.9901108e-01   7.9070000e-04   1.0434000e-03   7.9315552e-01   1.2952000e-03   1.5448000e-03  -7.8371986e-01   1.7949000e-03   2.0447000e-03   7.8290024e-01   7.1090000e-04   9.6740000e-04   7.1219341e-01   1.2204000e-03   1.4704000e-03  -7.0225715e-01   1.7208000e-03   1.9705000e-03   6.9900759e-01   0.0000000e+00
   8.9770000e-04   1.1477000e-03   8.0028739e-01   1.3977000e-03   1.6477000e-03  -8.0028725e-01   1.8977000e-03   2.1477000e-03   8.0028726e-01   7.1310000e-04   9.6980000e-04   7.2069155e-01   1.2228000e-03   1.4728000e-03  -7.1029001e-01   1.7232000e-03   1.9729000e-03   7.0700423e-01   7.9310000e-04   1.0458000e-03   8.0237733e-01   1.2976000e-03   1.5472000e-03  -7.9266994e-01   1.7972000e-03   2.0471000e-03   7.9186292e-01   7.1310000e-04   9.6980000e-04   7.2068794e-01   1.2228000e-03   1.4728000e-03  -7.1028646e-01   1.7232000e-03   1.9729000e-03   7.0700070e-01   1.1000000e+01
   9.0050000e-04   1.1505000e-03   8.1068698e-01   1.4005000e-03   1.6505000e-03  -8.1068678e-01   1.9005000e-03   2.1505000e-03   8.1068680e-01   7.1580000e-04   9.7250000e-04   7.3044538e-01   1.2256000e-03   1.4756000e-03  -7.1950365e-01   1.7260000e-03   1.9757000e-03   7.1617571e-01   7.9590000e-04   1.0486000e-03   8.1296256e-01   1.3004000e-03   1.5500000e-03  -8.0293948e-01   1.8000000e-03   2.0499000e-03   8.0214703e-01   7.1580000e-04   9.7250000e-04   7.3044172e-01   1.2256000e-03   1.4756000e-03  -7.1950005e-01   1.7260000e-03   1.9757000e-03   7.1617213e-01   1.1000000e+01
   9.0430000e-04   1.1543000e-03   8.2450846e-01   1.4043000e-03   1.6543000e-03  -8.2450816e-01   1.9043000e-03   2.1543000e-03   8.2450820e-01   7.1950000e-04   9.7630000e-04   7.4341944e-01   1.2295000e-03   1.4794000e-03  -7.3174951e-01   1.7298000e-03   1.9795000e-03   7.2836446e-01   7.9970000e-04   1.0524000e-03   8.2703665e-01   1.3043000e-03   1.5538000e-03  -8.1658766e-01   1.8039000e-03   2.0537000e-03   8.1581475e-01   7.1950000e-04   9.7630000e-04   7.4341572e-01   1.2295000e-03   1.4794000e-03  -7.3174585e-01   1.7298000e-03   1.9795000e-03   7.2836082e-01   1.1000000e+01
   9.0630000e-04   1.1563000e-03   8.3161584e-01   1.4063000e-03   1.6563000e-03  -8.3161547e-01   1.9063000e-03   2.1563000e-03   8.3161552e-01   7.2140000e-04   9.7830000e-04   7.5009571e-01   1.2315000e-03   1.4814000e-03  -7.3804693e-01   1.7319000e-03   1.9815000e-03   7.3463203e-01   8.0170000e-04   1.0544000e-03   8.3427653e-01   1.3063000e-03   1.5558000e-03  -8.2360575e-01   1.8059000e-03   2.0557000e-03   8.2284294e-01   7.2140000e-04   9.7830000e-04   7.5009196e-01   1.2315000e-03   1.4814000e-03  -7.3804324e-01   1.7319000e-03   1.9815000e-03   7.3462835e-01   1.1000000e+01
   9.1200000e-04   1.1620000e-03   8.5087975e-01   1.4120000e-03   1.6620000e-03  -8.5087910e-01   1.9120000e-03   2.1620000e-03   8.5087920e-01   7.2690000e-04   9.8390000e-04   7.6820643e-01   1.2373000e-03   1.4871000e-03  -7.5511670e-01   1.7375000e-03   1.9872000e-03   7.5161908e-01   8.0740000e-04   1.0601000e-03   8.5390831e-01   1.3120000e-03   1.5615000e-03  -8.4262729e-01   1.8115000e-03   2.0614000e-03   8.4189182e-01   7.2690000e-04   9.8390000e-04   7.6820259e-01   1.2373000e-03   1.4871000e-03  -7.5511293e-01   1.7375000e-03   1.9872000e-03   7.5161532e-01   1.1000000e+01
   9.1760000e-04   1.1676000e-03   8.6885596e-01   1.4176000e-03   1.6676000e-03  -8.6885486e-01   1.9176000e-03   2.1676000e-03   8.6885505e-01   7.3230000e-04   9.8950000e-04   7.8512548e-01   1.2429000e-03   1.4928000e-03  -7.7104696e-01   1.7432000e-03   1.9928000e-03   7.6746964e-01   8.1290000e-04   1.0657000e-03   8.7223897e-01   1.3176000e-03   1.5671000e-03  -8.6037674e-01   1.8172000e-03   2.0670000e-03   8.5966673e-01   7.3230000e-04   9.8950000e-04   7.8512155e-01   1.2429000e-03   1.4928000e-03  -7.7104311e-01   1.7432000e-03   1.9928000e-03   7.6746580e-01   1.1000000e+01
   9.2030000e-04   1.1702000e-03   8.7699115e-01   1.4203000e-03   1.6702000e-03  -8.7698977e-01   1.9203000e-03   2.1702000e-03   8.7699002e-01   7.3480000e-04   9.9210000e-04   7.9278794e-01   1.2456000e-03   1.4954000e-03  -7.7825684e-01   1.7458000e-03   1.9955000e-03   7.7464256e-01   8.1560000e-04   1.0683000e-03   8.8053802e-01   1.3203000e-03   1.5698000e-03  -8.6840924e-01   1.8198000e-03   2.0696000e-03   8.6771058e-01   7.3480000e-04   9.9210000e-04   7.9278397e-01   1.2456000e-03   1.4954000e-03  -7.7825294e-01   1.7458000e-03   1.9955000e-03   7.7463869e-01   1.1000000e+01
   9.2730000e-04   1.1773000e-03   8.9742042e-01   1.4273000e-03   1.6773000e-03  -8.9741792e-01   1.9273000e-03   2.1773000e-03   8.9741845e-01   7.4160000e-04   9.9910000e-04   8.1204417e-01   1.2527000e-03   1.5025000e-03  -7.9636396e-01   1.7529000e-03   2.0025000e-03   7.9265449e-01   8.2260000e-04   1.0754000e-03   9.0138786e-01   1.3274000e-03   1.5769000e-03  -8.8858023e-01   1.8269000e-03   2.0767000e-03   8.8790988e-01   7.4160000e-04   9.9910000e-04   8.1204011e-01   1.2527000e-03   1.5025000e-03  -7.9635998e-01   1.7529000e-03   2.0025000e-03   7.9265052e-01   1.2000000e+01
   9.2880000e-04   1.1788000e-03   9.0148357e-01   1.4288000e-03   1.6788000e-03  -9.0148075e-01   1.9288000e-03   2.1788000e-03   9.0148137e-01   7.4310000e-04   1.0005000e-03   8.1587630e-01   1.2542000e-03   1.5040000e-03  -7.9996556e-01   1.7544000e-03   2.0040000e-03   7.9623673e-01   8.2410000e-04   1.0769000e-03   9.0553614e-01   1.3289000e-03   1.5784000e-03  -8.9259197e-01   1.8283000e-03   2.0782000e-03   8.9192716e-01   7.4310000e-04   1.0005000e-03   8.1587222e-01   1.2542000e-03   1.5040000e-03  -7.9996156e-01   1.7544000e-03   2.0040000e-03   7.9623275e-01   1.2000000e+01
   8.9680000e-04   1.1468000e-03   7.9697527e-01   1.3968000e-03   1.6468000e-03  -7.9697515e-01   1.8968000e-03   2.1468000e-03   7.9697516e-01   6.2660000e-04   8.7280000e-04   7.3470489e-01   1.1157000e-03   1.3652000e-03  -7.6516118e-01   1.6138000e-03   1.8637000e-03   7.7189286e-01   6.9550000e-04   9.4340000e-04   8.3819854e-01   1.1890000e-03   1.4387000e-03  -8.6022220e-01   1.6879000e-03   1.9378000e-03   8.6501676e-01   6.2660000e-04   8.7280000e-04   7.3470123e-01   1.1157000e-03   1.3652000e-03  -7.6515736e-01   1.6138000e-03   1.8637000e-03   7.7188900e-01  -2.2000000e+01
   8.9680000e-04   1.1468000e-03   7.9697527e-01   1.3968000e-03   1.6468000e-03  -7.9697515e-01   1.8968000e-03   2.1468000e-03   7.9697516e-01   6.4400000e-04   8.9380000e-04   7.4999664e-01   1.1387000e-03   1.3894000e-03  -7.8211755e-01   1.6387000e-03   1.8889000e-03   7.8879308e-01   7.1510000e-04   9.6570000e-04   8.5685567e-01   1.2128000e-03   1.4634000e-03  -8.7937610e-01   1.7130000e-03   1.9632000e-03   8.8387570e-01   6.4400000e-04   8.9380000e-04   7.4999290e-01   1.1387000e-03   1.3894000e-03  -7.8211364e-01   1.6387000e-03   1.8889000e-03   7.8878914e-01  -2.2000000e+01
   8.9680000e-04   1.1468000e-03   7.9697527e-01   1.3968000e-03   1.6468000e-03  -7.9697515e-01   1.8968000e-03   2.1468000e-03   7.9697516e-01   6.7220000e-04   9.2650000e-04   7.5551265e-01   1.1750000e-03   1.4266000e-03  -7.7662250e-01   1.6771000e-03   1.9274000e-03   7.7734179e-01   7.4700000e-04   1.0005000e-03   8.5954680e-01   1.2503000e-03   1.5012000e-03  -8.7044577e-01   1.7516000e-03   2.0017000e-03   8.7004499e-01   6.7220000e-04   9.2650000e-04   7.5550888e-01   1.1750000e-03   1.4266000e-03  -7.7661862e-01   1.6771000e-03   1.9274000e-03   7.7733790e-01  -2.1000000e+01
   8.9680000e-04   1.1468000e-03   7.9697527e-01   1.3968000e-03   1.6468000e-03  -7.9697515e-01   1.8968000e-03   2.1468000e-03   7.9697516e-01   6.9190000e-04   9.4810000e-04   7.4381657e-01   1.1991000e-03   1.4503000e-03  -7.4994706e-01   1.7012000e-03   1.9511000e-03   7.4638872e-01   7.6940000e-04   1.0232000e-03   8.3928519e-01   1.2746000e-03   1.5250000e-03  -8.3783079e-01   1.7755000e-03   2.0253000e-03   8.3514686e-01   6.9190000e-04   9.4810000e-04   7.4381285e-01   1.1991000e-03   1.4503000e-03  -7.4994331e-01   1.7012000e-03   1.9511000e-03   7.4638499e-01  -2.1000000e+01
   8.9680000e-04   1.1468000e-03   7.9697527e-01   1.3968000e-03   1.6468000e-03  -7.9697515e-01   1.8968000e-03   2.1468000e-03   7.9697516e-01   6.9590000e-04   9.5230000e-04   7.3982197e-01   1.2038000e-03   1.4548000e-03  -7.4262093e-01   1.7056000e-03   1.9554000e-03   7.3863152e-01   7.7390000e-04   1.0276000e-03   8.3291857e-01   1.2792000e-03   1.5294000e-03  -8.2921524e-01   1.7799000e-03   2.0297000e-03   8.2654661e-01   6.9590000e-04   9.5230000e-04   7.3981827e-01   1.2038000e-03   1.4548000e-03  -7.4261721e-01   1.7056000e-03   1.9554000e-03   7.3862783e-01  -2.1000000e+01
   8.9680000e-04   1.1468000e-03   7.9697527e-01   1.3968000e-03   1.6468000e-03  -7.9697515e-01   1.8968000e-03   2.1468000e-03   7.9697516e-01   7.0020000e-04   9.5670000e-04   7.3495557e-01   1.2086000e-03   1.4594000e-03  -7.3421206e-01   1.7102000e-03   1.9600000e-03   7.3000405e-01   7.7870000e-04   1.0323000e-03   8.2530686e-01   1.2840000e-03   1.5340000e-03  -8.1947422e-01   1.7844000e-03   2.0342000e-03   8.1702793e-01   7.0020000e-04   9.5670000e-04   7.3495189e-01   1.2086000e-03   1.4594000e-03  -7.3420839e-01   1.7102000e-03   1.9600000e-03   7.3000040e-01  -2.1000000e+01
   8.9680000e-04   1.1468000e-03   7.9697527e-01   1.3968000e-03   1.6468000e-03  -7.9697515e-01   1.8968000e-03   2.1468000e-03   7.9697516e-01   7.0350000e-04   9.6010000e-04   7.3067252e-01   1.2124000e-03   1.4630000e-03  -7.2718175e-01   1.7137000e-03   1.9634000e-03   7.2299378e-01   7.8240000e-04   1.0358000e-03   8.1870934e-01   1.2876000e-03   1.5376000e-03  -8.1144866e-01   1.7878000e-03   2.0376000e-03   8.0932127e-01   7.0350000e-04   9.6010000e-04   7.3066886e-01   1.2124000e-03   1.4630000e-03  -7.2717811e-01   1.7137000e-03   1.9634000e-03   7.2299017e-01   2.1000000e+01
   8.9680000e-04   1.1468000e-03   7.9697527e-01   1.3968000e-03   1.6468000e-03  -7.9697515e-01   1.8968000e-03   2.1468000e-03   7.9697516e-01   7.1090000e-04   9.6750000e-04   7.1987586e-01   1.2204000e-03   1.4705000e-03  -7.1066778e-01   1.7210000e-03   1.9707000e-03   7.0716227e-01   7.9060000e-04   1.0435000e-03   8.0240990e-01   1.2953000e-03   1.5450000e-03  -7.9302188e-01   1.7950000e-03   2.0449000e-03   7.9196350e-01   7.1090000e-04   9.6750000e-04   7.1987226e-01   1.2204000e-03   1.4705000e-03  -7.1066422e-01   1.7210000e-03   1.9707000e-03   7.0715874e-01   0.0000000e+00
   8.9680000e-04   1.1468000e-03   7.9697527e-01   1.3968000e-03   1.6468000e-03  -7.9697515e-01   1.8968000e-03   2.1468000e-03   7.9697516e-01   7.1360000e-04   9.7020000e-04   7.1541223e-01   1.2233000e-03   1.4732000e-03  -7.0426469e-01   1.7236000e-03   1.9732000e-03   7.0123586e-01   7.9370000e-04   1.0462000e-03   7.9579054e-01   1.2980000e-03   1.5476000e-03  -7.8604076e-01   1.7976000e-03   2.0474000e-03   7.8546349e-01   7.1360000e-04   9.7020000e-04   7.1540865e-01   1.2233000e-03   1.4732000e-03  -7.0426117e-01   1.7236000e-03   1.9732000e-03   7.0123235e-01   0.0000000e+00
   8.9680000e-04   1.1468000e-03   7.9697527e-01   1.3968000e-03   1.6468000e-03  -7.9697515e-01   1.8968000e-03   2.1468000e-03   7.9697516e-01   7.1630000e-04   9.7280000e-04   7.1078359e-01   1.2261000e-03   1.4757000e-03  -6.9785347e-01   1.7260000e-03   1.9757000e-03   6.9540620e-01   7.9660000e-04   1.0489000e-03   7.8899361e-01   1.3006000e-03   1.5501000e-03  -7.7914513e-01   1.8000000e-03   2.0499000e-03   7.7905617e-01   7.1630000e-04   9.7280000e-04   7.1078004e-01   1.2261000e-03   1.4757000e-03  -6.9784998e-01   1.7260000e-03   1.9757000e-03   6.9540272e-01   0.0000000e+00
   8.9680000e-04   1.1468000e-03   7.9697527e-01   1.3968000e-03   1.6468000e-03  -7.9697515e-01   1.8968000e-03   2.1468000e-03   7.9697516e-01   7.1700000e-04   9.7350000e-04   7.0953153e-01   1.2268000e-03   1.4764000e-03  -6.9615703e-01   1.7266000e-03   1.9763000e-03   6.9387980e-01   7.9740000e-04   1.0496000e-03   7.8716644e-01   1.3012000e-03   1.5507000e-03  -7.7733656e-01   1.8006000e-03   2.0505000e-03   7.7737519e-01   7.1700000e-04   9.7350000e-04   7.0952798e-01   1.2268000e-03   1.4764000e-03  -6.9615355e-01   1.7266000e-03   1.9763000e-03   6.9387633e-01   0.0000000e+00
   8.9680000e-04   1.1468000e-03   7.9697527e-01   1.3968000e-03   1.6468000e-03  -7.9697515e-01   1.8968000e-03   2.1468000e-03   7.9697516e-01   7.2010000e-04   9.7640000e-04   7.0378119e-01   1.2299000e-03   1.4793000e-03  -6.8856085e-01   1.7294000e-03   1.9791000e-03   6.8712135e-01   8.0080000e-04   1.0526000e-03   7.7883601e-01   1.3041000e-03   1.5535000e-03  -7.6932250e-01   1.8034000e-03   2.0533000e-03   7.6990840e-01   7.2010000e-04   9.7640000e-04   7.0377767e-01   1.2299000e-03   1.4793000e-03  -6.8855741e-01   1.7294000e-03   1.9791000e-03   6.8711792e-01   2.1000000e+01
   8.9680000e-04   1.1468000e-03   7.9697527e-01   1.3968000e-03   1.6468000e-03  -7.9697515e-01   1.8968000e-03   2.1468000e-03   7.9697516e-01   7.2400000e-04   9.8010000e-04   6.9601379e-01   1.2337000e-03   1.4829000e-03  -6.7877892e-01   1.7327000e-03   1.9825000e-03   6.7857871e-01   8.0510000e-04   1.0563000e-03   7.6774173e-01   1.3076000e-03   1.5570000e-03  -7.5921005e-01   1.8068000e-03   2.0567000e-03   7.6039218e-01   7.2400000e-04   9.8010000e-04   6.9601031e-01   1.2337000e-03   1.4829000e-03  -6.7877553e-01   1.7327000e-03   1.9825000e-03   6.7857532e-01   2.1000000e+01
   8.9680000e-04   1.1468000e-03   7.9697527e-01   1.3968000e-03   1.6468000e-03  -7.9697515e-01   1.8968000e-03   2.1468000e-03   7.9697516e-01   7.2770000e-04   9.8360000e-04   6.8812122e-01   1.2373000e-03   1.4861000e-03  -6.6936077e-01   1.7358000e-03   1.9857000e-03   6.7048616e-01   8.0910000e-04   1.0598000e-03   7.5665611e-01   1.3107000e-03   1.5601000e-03  -7.4970147e-01   1.8099000e-03   2.0599000e-03   7.5125930e-01   7.2770000e-04   9.8360000e-04   6.8811778e-01   1.2373000e-03   1.4861000e-03  -6.6935742e-01   1.7358000e-03   1.9857000e-03   6.7048281e-01   2.1000000e+01
   8.9680000e-04   1.1468000e-03   7.9697527e-01   1.3968000e-03   1.6468000e-03  -7.9697515e-01   1.8968000e-03   2.1468000e-03   7.9697516e-01   7.2930000e-04   9.8500000e-04   6.8463155e-01   1.2387000e-03   1.4875000e-03  -6.6535415e-01   1.7370000e-03   1.9870000e-03   6.6707134e-01   8.1080000e-04   1.0612000e-03   7.5181626e-01   1.3120000e-03   1.5615000e-03  -7.4572567e-01   1.8112000e-03   2.0613000e-03   7.4736041e-01   7.2930000e-04   9.8500000e-04   6.8462812e-01   1.2387000e-03   1.4875000e-03  -6.6535082e-01   1.7370000e-03   1.9870000e-03   6.6706801e-01   2.1000000e+01
   8.9680000e-04   1.1468000e-03   7.9697527e-01   1.3968000e-03   1.6468000e-03  -7.9697515e-01   1.8968000e-03   2.1468000e-03   7.9697516e-01   7.3550000e-04   9.9060000e-04   6.7010766e-01   1.2443000e-03   1.4927000e-03  -6.4964422e-01   1.7419000e-03   1.9921000e-03   6.5373821e-01   8.1730000e-04   1.0667000e-03   7.3210001e-01   1.3167000e-03   1.5665000e-03  -7.3053955e-01   1.8163000e-03   2.0664000e-03   7.3179965e-01   7.3550000e-04   9.9060000e-04   6.7010431e-01   1.2443000e-03   1.4927000e-03  -6.4964097e-01   1.7419000e-03   1.9921000e-03   6.5373494e-01   2.2000000e+01
   8.9680000e-04   1.1468000e-03   7.9697527e-01   1.3968000e-03   1.6468000e-03  -7.9697515e-01   1.8968000e-03   2.1468000e-03   7.9697516e-01   7.3580000e-04   9.9090000e-04   6.6936282e-01   1.2445000e-03   1.4929000e-03  -6.4887854e-01   1.7421000e-03   1.9923000e-03   6.5308707e-01   8.1770000e-04   1.0669000e-03   7.3110835e-01   1.3170000e-03   1.5667000e-03  -7.2981564e-01   1.8166000e-03   2.0666000e-03   7.3102361e-01   7.3580000e-04   9.9090000e-04   6.6935947e-01   1.2445000e-03   1.4929000e-03  -6.4887530e-01   1.7421000e-03   1.9923000e-03   6.5308380e-01   2.2000000e+01
   8.9685317e-04   1.1467532e-03   7.9697526e-01   1.3968532e-03   1.6467532e-03  -7.9697514e-01   1.8968532e-03   2.1467532e-03   7.9697515e-01   6.3075317e-04   8.8305317e-04   3.1998801e-01   1.1341532e-03   1.3838532e-03  -3.1756158e-01   1.6337532e-03   1.8837532e-03   3.1787257e-01   7.7735317e-04   1.0265532e-03   5.0758083e-01   1.2762532e-03   1.5262532e-03  -5.0881163e-01   1.7763532e-03   2.0263532e-03   5.0865319e-01   6.3075317e-04   8.8305317e-04   3.1998641e-01   1.1341532e-03   1.3838532e-03  -3.1755999e-01   1.6337532e-03   1.8837532e-03   3.1787098e-01  -3.2000000e+01
   8.9686066e-04   1.1467607e-03   7.9697527e-01   1.3968607e-03   1.6467607e-03  -7.9697514e-01   1.8968607e-03   2.1467607e-03   7.9697515e-01   6.3946066e-04   8.9196066e-04   3.6607431e-01   1.1430607e-03   1.3927607e-03  -3.6347320e-01   1.6426607e-03   1.8926607e-03   3.6374469e-01   7.7556066e-04   1.0250607e-03   5.3874432e-01   1.2748607e-03   1.5248607e-03  -5.3949346e-01   1.7749607e-03   2.0249607e-03   5.3941450e-01   6.3946066e-04   8.9196066e-04   3.6607248e-01   1.1430607e-03   1.3927607e-03  -3.6347138e-01   1.6426607e-03   1.8926607e-03   3.6374287e-01  -3.2000000e+01
   8.9688025e-04   1.1467802e-03   7.9697528e-01   1.3968802e-03   1.6467802e-03  -7.9697515e-01   1.8968802e-03   2.1467802e-03   7.9697516e-01   6.6178025e-04   9.1498025e-04   4.8081529e-01   1.1662802e-03   1.4160802e-03  -4.7781606e-01   1.6660802e-03   1.9160802e-03   4.7779421e-01   7.7578025e-04   1.0259802e-03   6.2097856e-01   1.2761802e-03   1.5260802e-03  -6.2025984e-01   1.7761802e-03   2.0260802e-03   6.2030333e-01   6.6178025e-04   9.1498025e-04   4.8081288e-01   1.1662802e-03   1.4160802e-03  -4.7781367e-01   1.6660802e-03   1.9160802e-03   4.7779182e-01  -3.1000000e+01
   8.9680000e-04   1.1468000e-03   7.9697527e-01   1.3968000e-03   1.6468000e-03  -7.9697515e-01   1.8968000e-03   2.1468000e-03   7.9697516e-01   6.8400000e-04   9.3860000e-04   5.9020057e-01   1.1903000e-03   1.4402000e-03  -5.8594538e-01   1.6904000e-03   1.9403000e-03   5.8509954e-01   7.8090000e-04   1.0321000e-03   7.0290841e-01   1.2828000e-03   1.5327000e-03  -6.9980597e-01   1.7827000e-03   2.0327000e-03   6.9972809e-01   6.8400000e-04   9.3860000e-04   5.9019762e-01   1.1903000e-03   1.4402000e-03  -5.8594245e-01   1.6904000e-03   1.9403000e-03   5.8509662e-01  -3.1000000e+01
   8.9680000e-04   1.1468000e-03   7.9697527e-01   1.3968000e-03   1.6468000e-03  -7.9697515e-01   1.8968000e-03   2.1468000e-03   7.9697516e-01   6.9020000e-04   9.4520000e-04   6.1965871e-01   1.1972000e-03   1.4472000e-03  -6.1464482e-01   1.6974000e-03   1.9473000e-03   6.1341320e-01   7.8300000e-04   1.0345000e-03   7.2520119e-01   1.2855000e-03   1.5353000e-03  -7.2109470e-01   1.7853000e-03   2.0352000e-03   7.2091207e-01   6.9020000e-04   9.4520000e-04   6.1965561e-01   1.1972000e-03   1.4472000e-03  -6.1464174e-01   1.6974000e-03   1.9473000e-03   6.1341013e-01  -3.1000000e+01
   8.9680000e-04   1.1468000e-03   7.9697527e-01   1.3968000e-03   1.6468000e-03  -7.9697515e-01   1.8968000e-03   2.1468000e-03   7.9697516e-01   6.9280000e-04   9.4800000e-04   6.3138880e-01   1.2000000e-03   1.4500000e-03  -6.2599342e-01   1.7003000e-03   1.9501000e-03   6.2458225e-01   7.8390000e-04   1.0356000e-03   7.3408102e-01   1.2866000e-03   1.5364000e-03  -7.2950975e-01   1.7864000e-03   2.0363000e-03   7.2927450e-01   6.9280000e-04   9.4800000e-04   6.3138564e-01   1.2000000e-03   1.4500000e-03  -6.2599029e-01   1.7003000e-03   1.9501000e-03   6.2457912e-01  -3.1000000e+01
   8.9680000e-04   1.1468000e-03   7.9697527e-01   1.3968000e-03   1.6468000e-03  -7.9697515e-01   1.8968000e-03   2.1468000e-03   7.9697516e-01   6.9980000e-04   9.5550000e-04   6.6320923e-01   1.2078000e-03   1.4578000e-03  -6.5649628e-01   1.7081000e-03   1.9579000e-03   6.5451433e-01   7.8670000e-04   1.0387000e-03   7.5814352e-01   1.2900000e-03   1.5397000e-03  -7.5208350e-01   1.7898000e-03   2.0397000e-03   7.5167286e-01   6.9980000e-04   9.5550000e-04   6.6320591e-01   1.2078000e-03   1.4578000e-03  -6.5649299e-01   1.7081000e-03   1.9579000e-03   6.5451106e-01   3.1000000e+01
   8.9680000e-04   1.1468000e-03   7.9697527e-01   1.3968000e-03   1.6468000e-03  -7.9697515e-01   1.8968000e-03   2.1468000e-03   7.9697516e-01   7.0890000e-04   9.6520000e-04   7.0297607e-01   1.2180000e-03   1.4680000e-03  -6.9387990e-01   1.7184000e-03   1.9681000e-03   6.9099506e-01   7.9060000e-04   1.0431000e-03   7.8807563e-01   1.2948000e-03   1.5444000e-03  -7.7956978e-01   1.7945000e-03   2.0443000e-03   7.7887604e-01   7.0890000e-04   9.6520000e-04   7.0297256e-01   1.2180000e-03   1.4680000e-03  -6.9387643e-01   1.7184000e-03   1.9681000e-03   6.9099161e-01   0.0000000e+00
   8.9680000e-04   1.1468000e-03   7.9697527e-01   1.3968000e-03   1.6468000e-03  -7.9697515e-01   1.8968000e-03   2.1468000e-03   7.9697516e-01   7.1060000e-04   9.6710000e-04   7.1041730e-01   1.2200000e-03   1.4700000e-03  -7.0076286e-01   1.7204000e-03   1.9701000e-03   6.9768438e-01   7.9140000e-04   1.0440000e-03   7.9364850e-01   1.2958000e-03   1.5454000e-03  -7.8459678e-01   1.7954000e-03   2.0453000e-03   7.8384366e-01   7.1060000e-04   9.6710000e-04   7.1041374e-01   1.2200000e-03   1.4700000e-03  -7.0075936e-01   1.7204000e-03   1.9701000e-03   6.9768089e-01   0.0000000e+00
   8.9680000e-04   1.1468000e-03   7.9697527e-01   1.3968000e-03   1.6468000e-03  -7.9697515e-01   1.8968000e-03   2.1468000e-03   7.9697516e-01   7.1510000e-04   9.7190000e-04   7.2927479e-01   1.2251000e-03   1.4751000e-03  -7.1801680e-01   1.7255000e-03   1.9752000e-03   7.1441266e-01   7.9360000e-04   1.0464000e-03   8.0771729e-01   1.2983000e-03   1.5479000e-03  -7.9713542e-01   1.7979000e-03   2.0478000e-03   7.9622660e-01   7.1510000e-04   9.7190000e-04   7.2927114e-01   1.2251000e-03   1.4751000e-03  -7.1801321e-01   1.7255000e-03   1.9752000e-03   7.1440909e-01   3.1000000e+01
   8.9680000e-04   1.1468000e-03   7.9697527e-01   1.3968000e-03   1.6468000e-03  -7.9697515e-01   1.8968000e-03   2.1468000e-03   7.9697516e-01   7.2450000e-04   9.8200000e-04   7.6664794e-01   1.2358000e-03   1.4856000e-03  -7.5125840e-01   1.7361000e-03   1.9857000e-03   7.4647779e-01   7.9830000e-04   1.0516000e-03   8.3530246e-01   1.3040000e-03   1.5534000e-03  -8.2095506e-01   1.8034000e-03   2.0532000e-03   8.1974682e-01   7.2450000e-04   9.8200000e-04   7.6664411e-01   1.2358000e-03   1.4856000e-03  -7.5125464e-01   1.7361000e-03   1.9857000e-03   7.4647406e-01   3.1000000e+01
   8.9680000e-04   1.1468000e-03   7.9697527e-01   1.3968000e-03   1.6468000e-03  -7.9697515e-01   1.8968000e-03   2.1468000e-03   7.9697516e-01   7.2820000e-04   9.8600000e-04   7.8075337e-01   1.2400000e-03   1.4898000e-03  -7.6340503e-01   1.7403000e-03   1.9898000e-03   7.5814502e-01   8.0020000e-04   1.0537000e-03   8.4558037e-01   1.3063000e-03   1.5556000e-03  -8.2950880e-01   1.8056000e-03   2.0553000e-03   8.2820956e-01   7.2820000e-04   9.8600000e-04   7.8074946e-01   1.2400000e-03   1.4898000e-03  -7.6340121e-01   1.7403000e-03   1.9898000e-03   7.5814123e-01   3.1000000e+01
   8.9680000e-04   1.1468000e-03   7.9697527e-01   1.3968000e-03   1.6468000e-03  -7.9697515e-01   1.8968000e-03   2.1468000e-03   7.9697516e-01   7.3590000e-04   9.9410000e-04   8.0847316e-01   1.2488000e-03   1.4983000e-03  -7.8647558e-01   1.7488000e-03   1.9982000e-03   7.8025936e-01   8.0440000e-04   1.0582000e-03   8.6549533e-01   1.3112000e-03   1.5603000e-03  -8.4543984e-01   1.8102000e-03   2.0599000e-03   8.4405536e-01   7.3590000e-04   9.9410000e-04   8.0846912e-01   1.2488000e-03   1.4983000e-03  -7.8647165e-01   1.7488000e-03   1.9982000e-03   7.8025546e-01   3.1000000e+01
   8.9680000e-04   1.1468000e-03   7.9697527e-01   1.3968000e-03   1.6468000e-03  -7.9697515e-01   1.8968000e-03   2.1468000e-03   7.9697516e-01   7.4490000e-04   1.0035000e-03   8.3812528e-01   1.2589000e-03   1.5081000e-03  -8.0968296e-01   1.7586000e-03   2.0078000e-03   8.0254092e-01   8.0950000e-04   1.0636000e-03   8.8625309e-01   1.3172000e-03   1.5659000e-03  -8.6086409e-01   1.8157000e-03   2.0653000e-03   8.5966732e-01   7.4490000e-04   1.0035000e-03   8.3812108e-01   1.2589000e-03   1.5081000e-03  -8.0967891e-01   1.7586000e-03   2.0078000e-03   8.0253691e-01   3.1000000e+01
   8.9680000e-04   1.1468000e-03   7.9697527e-01   1.3968000e-03   1.6468000e-03  -7.9697515e-01   1.8968000e-03   2.1468000e-03   7.9697516e-01   7.5020000e-04   1.0091000e-03   8.5432761e-01   1.2649000e-03   1.5138000e-03  -8.2153719e-01   1.7642000e-03   2.0133000e-03   8.1402694e-01   8.1260000e-04   1.0669000e-03   8.9727442e-01   1.3207000e-03   1.5693000e-03  -8.6838521e-01   1.8189000e-03   2.0685000e-03   8.6751949e-01   7.5020000e-04   1.0091000e-03   8.5432334e-01   1.2649000e-03   1.5138000e-03  -8.2153308e-01   1.7642000e-03   2.0133000e-03   8.1402287e-01   3.1000000e+01
   8.9680000e-04   1.1468000e-03   7.9697527e-01   1.3968000e-03   1.6468000e-03  -7.9697515e-01   1.8968000e-03   2.1468000e-03   7.9697516e-01   7.6310000e-04   1.0224000e-03   8.8913505e-01   1.2793000e-03   1.5274000e-03  -8.4423455e-01   1.7775000e-03   2.0264000e-03   8.3681372e-01   8.2040000e-04   1.0749000e-03   9.1980553e-01   1.3295000e-03   1.5773000e-03  -8.8151789e-01   1.8266000e-03   2.0761000e-03   8.8248501e-01   7.6310000e-04   1.0224000e-03   8.8913060e-01   1.2793000e-03   1.5274000e-03  -8.4423033e-01   1.7775000e-03   2.0264000e-03   8.3680954e-01   3.2000000e+01
   8.9680000e-04   1.1468000e-03   7.9697527e-01   1.3968000e-03   1.6468000e-03  -7.9697515e-01   1.8968000e-03   2.1468000e-03   7.9697516e-01   7.6890000e-04   1.0284000e-03   9.0260427e-01   1.2857000e-03   1.5334000e-03  -8.5159805e-01   1.7833000e-03   2.0321000e-03   8.4488373e-01   8.2410000e-04   1.0786000e-03   9.2789695e-01   1.3334000e-03   1.5809000e-03  -8.8505447e-01   1.8299000e-03   2.0795000e-03   8.8749032e-01   7.6890000e-04   1.0284000e-03   9.0259975e-01   1.2857000e-03   1.5334000e-03  -8.5159379e-01   1.7833000e-03   2.0321000e-03   8.4487950e-01   3.2000000e+01
   8.2770000e-04   1.0777000e-03   4.6899144e-01   1.3277000e-03   1.5777000e-03  -4.6899144e-01   1.8277000e-03   2.0777000e-03   4.6899144e-01   6.4680000e-04   9.0090000e-04   4.1447736e-01   1.1516000e-03   1.4024000e-03  -4.1678614e-01   1.6531000e-03   1.9029000e-03   4.1464270e-01   7.2300000e-04   9.7580000e-04   4.6729597e-01   1.2269000e-03   1.4770000e-03  -4.6524627e-01   1.7273000e-03   1.9771000e-03   4.6416103e-01   6.4680000e-04   9.0090000e-04   4.1447528e-01   1.1516000e-03   1.4024000e-03  -4.1678406e-01   1.6531000e-03   1.9029000e-03   4.1464063e-01  -4.2000000e+01
   8.3700000e-04   1.0869000e-03   5.1944268e-01   1.3370000e-03   1.5869000e-03  -5.1944268e-01   1.8370000e-03   2.0869000e-03   5.1944268e-01   6.5550000e-04   9.1000000e-04   4.6047515e-01   1.1611000e-03   1.4117000e-03  -4.6149916e-01   1.6624000e-03   1.9121000e-03   4.5919095e-01   7.3230000e-04   9.8500000e-04   5.1805100e-01   1.2363000e-03   1.4863000e-03  -5.1515410e-01   1.7365000e-03   1.9864000e-03   5.1407536e-01   6.5550000e-04   9.1000000e-04   4.6047285e-01   1.1611000e-03   1.4117000e-03  -4.6149685e-01   1.6624000e-03   1.9121000e-03   4.5918865e-01  -4.2000000e+01
   8.5610000e-04   1.1061000e-03   6.1828143e-01   1.3561000e-03   1.6061000e-03  -6.1828144e-01   1.8561000e-03   2.1061000e-03   6.1828144e-01   6.7360000e-04   9.2880000e-04   5.5128894e-01   1.1806000e-03   1.4310000e-03  -5.4906693e-01   1.6816000e-03   1.9313000e-03   5.4643658e-01   7.5150000e-04   1.0042000e-03   6.1777086e-01   1.2557000e-03   1.5055000e-03  -6.1287247e-01   1.7557000e-03   2.0055000e-03   6.1185156e-01   6.7360000e-04   9.2880000e-04   5.5128619e-01   1.1806000e-03   1.4310000e-03  -5.4906418e-01   1.6816000e-03   1.9313000e-03   5.4643385e-01  -4.1000000e+01
   8.7490000e-04   1.1248000e-03   7.0624979e-01   1.3749000e-03   1.6248000e-03  -7.0624979e-01   1.8749000e-03   2.1248000e-03   7.0624979e-01   6.9140000e-04   9.4730000e-04   6.3284014e-01   1.1997000e-03   1.4498000e-03  -6.2698798e-01   1.7003000e-03   1.9500000e-03   6.2405687e-01   7.7030000e-04   1.0229000e-03   7.0684026e-01   1.2746000e-03   1.5243000e-03  -6.9979226e-01   1.7744000e-03   2.0242000e-03   6.9886204e-01   6.9140000e-04   9.4730000e-04   6.3283697e-01   1.1997000e-03   1.4498000e-03  -6.2698485e-01   1.7003000e-03   1.9500000e-03   6.2405375e-01  -4.1000000e+01
   8.8000000e-04   1.1299000e-03   7.2859721e-01   1.3800000e-03   1.6299000e-03  -7.2859720e-01   1.8800000e-03   2.1299000e-03   7.2859720e-01   6.9620000e-04   9.5230000e-04   6.5365785e-01   1.2048000e-03   1.4550000e-03  -6.4678286e-01   1.7054000e-03   1.9551000e-03   6.4377127e-01   7.7540000e-04   1.0280000e-03   7.2951427e-01   1.2797000e-03   1.5294000e-03  -7.2186711e-01   1.7795000e-03   2.0293000e-03   7.2096428e-01   6.9620000e-04   9.5230000e-04   6.5365458e-01   1.2048000e-03   1.4550000e-03  -6.4677963e-01   1.7054000e-03   1.9551000e-03   6.4376806e-01  -4.1000000e+01
   8.8060000e-04   1.1305000e-03   7.3116223e-01   1.3806000e-03   1.6305000e-03  -7.3116222e-01   1.8806000e-03   2.1305000e-03   7.3116222e-01   6.9680000e-04   9.5290000e-04   6.5604976e-01   1.2054000e-03   1.4556000e-03  -6.4905494e-01   1.7060000e-03   1.9557000e-03   6.4603398e-01   7.7600000e-04   1.0286000e-03   7.3211798e-01   1.2803000e-03   1.5300000e-03  -7.2440070e-01   1.7801000e-03   2.0299000e-03   7.2350111e-01   6.9680000e-04   9.5290000e-04   6.5604648e-01   1.2054000e-03   1.4556000e-03  -6.4905169e-01   1.7060000e-03   1.9557000e-03   6.4603075e-01  -4.1000000e+01
   8.8860000e-04   1.1386000e-03   7.6485302e-01   1.3886000e-03   1.6386000e-03  -7.6485297e-01   1.8886000e-03   2.1386000e-03   7.6485297e-01   7.0450000e-04   9.6080000e-04   6.8751257e-01   1.2136000e-03   1.4637000e-03  -6.7889887e-01   1.7141000e-03   1.9638000e-03   6.7575198e-01   7.8400000e-04   1.0367000e-03   7.6633964e-01   1.2885000e-03   1.5381000e-03  -7.5767635e-01   1.7882000e-03   2.0380000e-03   7.5682074e-01   7.0450000e-04   9.6080000e-04   6.8750913e-01   1.2136000e-03   1.4637000e-03  -6.7889548e-01   1.7141000e-03   1.9638000e-03   6.7574860e-01   4.1000000e+01
   8.9320000e-04   1.1431000e-03   7.8287463e-01   1.3932000e-03   1.6431000e-03  -7.8287454e-01   1.8932000e-03   2.1431000e-03   7.8287455e-01   7.0880000e-04   9.6530000e-04   7.0437625e-01   1.2182000e-03   1.4682000e-03  -6.9486370e-01   1.7187000e-03   1.9684000e-03   6.9164705e-01   7.8860000e-04   1.0412000e-03   7.8466236e-01   1.2930000e-03   1.5427000e-03  -7.7547422e-01   1.7927000e-03   2.0425000e-03   7.7464309e-01   7.0880000e-04   9.6530000e-04   7.0437272e-01   1.2182000e-03   1.4682000e-03  -6.9486022e-01   1.7187000e-03   1.9684000e-03   6.9164359e-01   0.0000000e+00
   8.9760000e-04   1.1475000e-03   7.9973370e-01   1.3976000e-03   1.6475000e-03  -7.9973356e-01   1.8976000e-03   2.1475000e-03   7.9973358e-01   7.1300000e-04   9.6960000e-04   7.2017239e-01   1.2227000e-03   1.4726000e-03  -7.0979945e-01   1.7231000e-03   1.9728000e-03   7.0651588e-01   7.9290000e-04   1.0456000e-03   8.0181384e-01   1.2974000e-03   1.5471000e-03  -7.9212311e-01   1.7971000e-03   2.0469000e-03   7.9131534e-01   7.1300000e-04   9.6960000e-04   7.2016879e-01   1.2227000e-03   1.4726000e-03  -7.0979590e-01   1.7231000e-03   1.9728000e-03   7.0651234e-01   0.0000000e+00
   9.0090000e-04   1.1508000e-03   8.1202181e-01   1.4009000e-03   1.6508000e-03  -8.1202162e-01   1.9009000e-03   2.1508000e-03   8.1202164e-01   7.1620000e-04   9.7290000e-04   7.3169776e-01   1.2260000e-03   1.4759000e-03  -7.2068627e-01   1.7264000e-03   1.9761000e-03   7.1735284e-01   7.9620000e-04   1.0489000e-03   8.1432148e-01   1.3008000e-03   1.5504000e-03  -8.0425757e-01   1.8004000e-03   2.0502000e-03   8.0346699e-01   7.1620000e-04   9.7290000e-04   7.3169410e-01   1.2260000e-03   1.4759000e-03  -7.2068267e-01   1.7264000e-03   1.9761000e-03   7.1734926e-01   4.1000000e+01
   9.0400000e-04   1.1540000e-03   8.2347434e-01   1.4040000e-03   1.6540000e-03  -8.2347408e-01   1.9040000e-03   2.1540000e-03   8.2347411e-01   7.1920000e-04   9.7600000e-04   7.4244816e-01   1.2292000e-03   1.4791000e-03  -7.3083333e-01   1.7296000e-03   1.9792000e-03   7.2745253e-01   7.9940000e-04   1.0521000e-03   8.2598346e-01   1.3040000e-03   1.5535000e-03  -8.1556656e-01   1.8036000e-03   2.0534000e-03   8.1479216e-01   7.1920000e-04   9.7600000e-04   7.4244444e-01   1.2292000e-03   1.4791000e-03  -7.3082968e-01   1.7296000e-03   1.9792000e-03   7.2744889e-01   4.1000000e+01
   9.0730000e-04   1.1572000e-03   8.3483687e-01   1.4073000e-03   1.6572000e-03  -8.3483651e-01   1.9073000e-03   2.1572000e-03   8.3483656e-01   7.2230000e-04   9.7920000e-04   7.5312217e-01   1.2325000e-03   1.4824000e-03  -7.4090115e-01   1.7328000e-03   1.9825000e-03   7.3747247e-01   8.0260000e-04   1.0553000e-03   8.3755830e-01   1.3072000e-03   1.5568000e-03  -8.2678642e-01   1.8068000e-03   2.0566000e-03   8.2602807e-01   7.2230000e-04   9.7920000e-04   7.5311840e-01   1.2325000e-03   1.4824000e-03  -7.4089744e-01   1.7328000e-03   1.9825000e-03   7.3746878e-01   4.1000000e+01
   9.1150000e-04   1.1615000e-03   8.4927941e-01   1.4115000e-03   1.6615000e-03  -8.4927890e-01   1.9115000e-03   2.1615000e-03   8.4927897e-01   7.2640000e-04   9.8340000e-04   7.6670072e-01   1.2368000e-03   1.4866000e-03  -7.5369884e-01   1.7371000e-03   1.9867000e-03   7.5020798e-01   8.0690000e-04   1.0596000e-03   8.5227717e-01   1.3115000e-03   1.5610000e-03  -8.4104726e-01   1.8111000e-03   2.0609000e-03   8.4030944e-01   7.2640000e-04   9.8340000e-04   7.6669689e-01   1.2368000e-03   1.4866000e-03  -7.5369507e-01   1.7371000e-03   1.9867000e-03   7.5020423e-01   4.1000000e+01
   9.1630000e-04   1.1662000e-03   8.6470470e-01   1.4163000e-03   1.6662000e-03  -8.6470396e-01   1.9163000e-03   2.1662000e-03   8.6470408e-01   7.3100000e-04   9.8810000e-04   7.8121641e-01   1.2416000e-03   1.4914000e-03  -7.6736858e-01   1.7418000e-03   1.9915000e-03   7.6380952e-01   8.1160000e-04   1.0644000e-03   8.6800540e-01   1.3163000e-03   1.5658000e-03  -8.5627825e-01   1.8158000e-03   2.0657000e-03   8.5556220e-01   7.3100000e-04   9.8810000e-04   7.8121250e-01   1.2416000e-03   1.4914000e-03  -7.6736474e-01   1.7418000e-03   1.9915000e-03   7.6380570e-01   4.1000000e+01
   9.1950000e-04   1.1695000e-03   8.7463823e-01   1.4195000e-03   1.6695000e-03  -8.7463729e-01   1.9195000e-03   2.1695000e-03   8.7463745e-01   7.3410000e-04   9.9130000e-04   7.9057099e-01   1.2448000e-03   1.4946000e-03  -7.7617223e-01   1.7450000e-03   1.9947000e-03   7.7256824e-01   8.1480000e-04   1.0676000e-03   8.7813821e-01   1.3195000e-03   1.5690000e-03  -8.6608650e-01   1.8190000e-03   2.0689000e-03   8.6538441e-01   7.3410000e-04   9.9130000e-04   7.9056703e-01   1.2448000e-03   1.4946000e-03  -7.7616834e-01   1.7450000e-03   1.9947000e-03   7.7256438e-01   4.1000000e+01
   9.2670000e-04   1.1767000e-03   8.9571997e-01   1.4267000e-03   1.6767000e-03  -8.9571841e-01   1.9267000e-03   2.1767000e-03   8.9571873e-01   7.4100000e-04   9.9850000e-04   8.1044022e-01   1.2521000e-03   1.5019000e-03  -7.9485804e-01   1.7523000e-03   2.0019000e-03   7.9115583e-01   8.2200000e-04   1.0748000e-03   8.9965342e-01   1.3268000e-03   1.5763000e-03  -8.8690214e-01   1.8262000e-03   2.0761000e-03   8.8622925e-01   7.4100000e-04   9.9850000e-04   8.1043617e-01   1.2521000e-03   1.5019000e-03  -7.9485407e-01   1.7523000e-03   2.0019000e-03   7.9115188e-01   4.2000000e+01
   9.2970000e-04   1.1796000e-03   9.0381411e-01   1.4297000e-03   1.6796000e-03  -9.0381223e-01   1.9297000e-03   2.1796000e-03   9.0381265e-01   7.4390000e-04   1.0014000e-03   8.1807431e-01   1.2551000e-03   1.5048000e-03  -8.0203308e-01   1.7552000e-03   2.0049000e-03   7.9829208e-01   8.2500000e-04   1.0777000e-03   9.0791772e-01   1.3297000e-03   1.5792000e-03  -8.9489415e-01   1.8292000e-03   2.0790000e-03   8.9423219e-01   7.4390000e-04   1.0014000e-03   8.1807022e-01   1.2551000e-03   1.5048000e-03  -8.0202906e-01   1.7552000e-03   2.0049000e-03   7.9828809e-01   4.2000000e+01
   8.9685234e-04   1.1467523e-03   7.9697526e-01   1.3968523e-03   1.6467523e-03  -7.9697514e-01   1.8968523e-03   2.1467523e-03   7.9697515e-01   6.2635234e-04   8.7705234e-04   4.4354407e-01   1.1265523e-03   1.3766523e-03  -4.4595977e-01   1.6267523e-03   1.8767523e-03   4.4594658e-01   7.0065234e-04   9.5105234e-04   4.9829183e-01   1.2009523e-03   1.4509523e-03  -4.9932147e-01   1.7010523e-03   1.9509523e-03   4.9930762e-01   6.2635234e-04   8.7705234e-04   4.4354186e-01   1.1265523e-03   1.3766523e-03  -4.4595754e-01   1.6267523e-03   1.8767523e-03   4.4594435e-01  -5.2000000e+01
   8.9686106e-04   1.1467611e-03   7.9697527e-01   1.3968611e-03   1.6467611e-03  -7.9697514e-01   1.8968611e-03   2.1467611e-03   7.9697515e-01   6.4026106e-04   8.9186106e-04   4.9743484e-01   1.1414611e-03   1.3917611e-03  -5.0063680e-01   1.6418611e-03   1.8918611e-03   5.0051226e-01   7.1506106e-04   9.6596106e-04   5.5922187e-01   1.2159611e-03   1.4660611e-03  -5.6047567e-01   1.7161611e-03   1.9660611e-03   5.6038964e-01   6.4026106e-04   8.9186106e-04   4.9743235e-01   1.1414611e-03   1.3917611e-03  -5.0063429e-01   1.6418611e-03   1.8918611e-03   5.0050976e-01  -5.2000000e+01
   8.9687965e-04   1.1467796e-03   7.9697528e-01   1.3968796e-03   1.6467796e-03  -7.9697515e-01   1.8968796e-03   2.1467796e-03   7.9697516e-01   6.6527965e-04   9.1877965e-04   5.8747380e-01   1.1691796e-03   1.4195796e-03  -5.9041341e-01   1.6698796e-03   1.9198796e-03   5.8957980e-01   7.4147965e-04   9.9347965e-04   6.6031553e-01   1.2438796e-03   1.4939796e-03  -6.6055839e-01   1.7441796e-03   1.9940796e-03   6.6006092e-01   6.6527965e-04   9.1877965e-04   5.8747086e-01   1.1691796e-03   1.4195796e-03  -5.9041046e-01   1.6698796e-03   1.9198796e-03   5.8957685e-01  -5.1000000e+01
   8.9680000e-04   1.1468000e-03   7.9697527e-01   1.3968000e-03   1.6468000e-03  -7.9697515e-01   1.8968000e-03   2.1468000e-03   7.9697516e-01   6.8760000e-04   9.4280000e-04   6.5684100e-01   1.1943000e-03   1.4447000e-03  -6.5597411e-01   1.6952000e-03   1.9450000e-03   6.5385417e-01   7.6540000e-04   1.0180000e-03   7.3631947e-01   1.2692000e-03   1.5192000e-03  -7.3307175e-01   1.7694000e-03   2.0193000e-03   7.3201438e-01   6.8760000e-04   9.4280000e-04   6.5683772e-01   1.1943000e-03   1.4447000e-03  -6.5597083e-01   1.6952000e-03   1.9450000e-03   6.5385090e-01  -5.1000000e+01
   8.9680000e-04   1.1468000e-03   7.9697527e-01   1.3968000e-03   1.6468000e-03  -7.9697515e-01   1.8968000e-03   2.1468000e-03   7.9697516e-01   6.9130000e-04   9.4680000e-04   6.6721350e-01   1.1985000e-03   1.4489000e-03  -6.6528101e-01   1.6994000e-03   1.9492000e-03   6.6292198e-01   7.6950000e-04   1.0221000e-03   7.4739311e-01   1.2734000e-03   1.5234000e-03  -7.4330378e-01   1.7736000e-03   2.0234000e-03   7.4218381e-01   6.9130000e-04   9.4680000e-04   6.6721017e-01   1.1985000e-03   1.4489000e-03  -6.6527769e-01   1.6994000e-03   1.9492000e-03   6.6291866e-01  -5.1000000e+01
   8.9680000e-04   1.1468000e-03   7.9697527e-01   1.3968000e-03   1.6468000e-03  -7.9697515e-01   1.8968000e-03   2.1468000e-03   7.9697516e-01   6.9460000e-04   9.5030000e-04   6.7592078e-01   1.2021000e-03   1.4525000e-03  -6.7295525e-01   1.7030000e-03   1.9528000e-03   6.7039488e-01   7.7300000e-04   1.0257000e-03   7.5660033e-01   1.2771000e-03   1.5270000e-03  -7.5172799e-01   1.7772000e-03   2.0270000e-03   7.5057303e-01   6.9460000e-04   9.5030000e-04   6.7591740e-01   1.2021000e-03   1.4525000e-03  -6.7295188e-01   1.7030000e-03   1.9528000e-03   6.7039153e-01  -5.1000000e+01
   8.9680000e-04   1.1468000e-03   7.9697527e-01   1.3968000e-03   1.6468000e-03  -7.9697515e-01   1.8968000e-03   2.1468000e-03   7.9697516e-01   7.0290000e-04   9.5910000e-04   6.9670105e-01   1.2115000e-03   1.4617000e-03  -6.9066209e-01   1.7122000e-03   1.9619000e-03   6.8765741e-01   7.8200000e-04   1.0348000e-03   7.7816042e-01   1.2863000e-03   1.5361000e-03  -7.7112601e-01   1.7863000e-03   2.0361000e-03   7.6999814e-01   7.0290000e-04   9.5910000e-04   6.9669757e-01   1.2115000e-03   1.4617000e-03  -6.9065863e-01   1.7122000e-03   1.9619000e-03   6.8765397e-01   5.1000000e+01
   8.9680000e-04   1.1468000e-03   7.9697527e-01   1.3968000e-03   1.6468000e-03  -7.9697515e-01   1.8968000e-03   2.1468000e-03   7.9697516e-01   7.0950000e-04   9.6600000e-04   7.1171527e-01   1.2189000e-03   1.4689000e-03  -7.0279677e-01   1.7194000e-03   1.9691000e-03   6.9956738e-01   7.8920000e-04   1.0419000e-03   7.9325354e-01   1.2937000e-03   1.5433000e-03  -7.8440503e-01   1.7934000e-03   2.0433000e-03   7.8346182e-01   7.0950000e-04   9.6600000e-04   7.1171170e-01   1.2189000e-03   1.4689000e-03  -7.0279325e-01   1.7194000e-03   1.9691000e-03   6.9956389e-01   0.0000000e+00
   8.9680000e-04   1.1468000e-03   7.9697527e-01   1.3968000e-03   1.6468000e-03  -7.9697515e-01   1.8968000e-03   2.1468000e-03   7.9697516e-01   7.1260000e-04   9.6920000e-04   7.1812606e-01   1.2222000e-03   1.4722000e-03  -7.0776860e-01   1.7226000e-03   1.9723000e-03   7.0449392e-01   7.9250000e-04   1.0452000e-03   7.9953054e-01   1.2970000e-03   1.5466000e-03  -7.8985191e-01   1.7966000e-03   2.0465000e-03   7.8905447e-01   7.1260000e-04   9.6920000e-04   7.1812247e-01   1.2222000e-03   1.4722000e-03  -7.0776507e-01   1.7226000e-03   1.9723000e-03   7.0449040e-01   0.0000000e+00
   8.9680000e-04   1.1468000e-03   7.9697527e-01   1.3968000e-03   1.6468000e-03  -7.9697515e-01   1.8968000e-03   2.1468000e-03   7.9697516e-01   7.1710000e-04   9.7390000e-04   7.2705401e-01   1.2272000e-03   1.4770000e-03  -7.1444190e-01   1.7274000e-03   1.9771000e-03   7.1118649e-01   7.9740000e-04   1.0500000e-03   8.0805615e-01   1.3019000e-03   1.5514000e-03  -7.9718367e-01   1.8014000e-03   2.0512000e-03   7.9668313e-01   7.1710000e-04   9.7390000e-04   7.2705037e-01   1.2272000e-03   1.4770000e-03  -7.1443833e-01   1.7274000e-03   1.9771000e-03   7.1118294e-01   5.1000000e+01
   8.9680000e-04   1.1468000e-03   7.9697527e-01   1.3968000e-03   1.6468000e-03  -7.9697515e-01   1.8968000e-03   2.1468000e-03   7.9697516e-01   7.2050000e-04   9.7740000e-04   7.3328912e-01   1.2309000e-03   1.4806000e-03  -7.1890123e-01   1.7309000e-03   1.9806000e-03   7.1574066e-01   8.0110000e-04   1.0536000e-03   8.1382556e-01   1.3055000e-03   1.5549000e-03  -8.0211021e-01   1.8049000e-03   2.0547000e-03   8.0190076e-01   7.2050000e-04   9.7740000e-04   7.3328545e-01   1.2309000e-03   1.4806000e-03  -7.1889763e-01   1.7309000e-03   1.9806000e-03   7.1573708e-01   5.1000000e+01
   8.9680000e-04   1.1468000e-03   7.9697527e-01   1.3968000e-03   1.6468000e-03  -7.9697515e-01   1.8968000e-03   2.1468000e-03   7.9697516e-01   7.2420000e-04   9.8120000e-04   7.3962455e-01   1.2350000e-03   1.4845000e-03  -7.2323134e-01   1.7347000e-03   1.9844000e-03   7.2026596e-01   8.0520000e-04   1.0575000e-03   8.1948947e-01   1.3095000e-03   1.5588000e-03  -8.0693466e-01   1.8086000e-03   2.0585000e-03   8.0711286e-01   7.2420000e-04   9.8120000e-04   7.3962085e-01   1.2350000e-03   1.4845000e-03  -7.2322773e-01   1.7347000e-03   1.9844000e-03   7.2026236e-01   5.1000000e+01
   8.9680000e-04   1.1468000e-03   7.9697527e-01   1.3968000e-03   1.6468000e-03  -7.9697515e-01   1.8968000e-03   2.1468000e-03   7.9697516e-01   7.3040000e-04   9.8750000e-04   7.4901511e-01   1.2416000e-03   1.4908000e-03  -7.2918811e-01   1.7409000e-03   1.9906000e-03   7.2679114e-01   8.1190000e-04   1.0639000e-03   8.2738563e-01   1.3159000e-03   1.5651000e-03  -8.1370794e-01   1.8148000e-03   2.0647000e-03   8.1469101e-01   7.3040000e-04   9.8750000e-04   7.4901136e-01   1.2416000e-03   1.4908000e-03  -7.2918446e-01   1.7409000e-03   1.9906000e-03   7.2678751e-01   5.1000000e+01
   8.9680000e-04   1.1468000e-03   7.9697527e-01   1.3968000e-03   1.6468000e-03  -7.9697515e-01   1.8968000e-03   2.1468000e-03   7.9697516e-01   7.3370000e-04   9.9070000e-04   7.5335997e-01   1.2450000e-03   1.4941000e-03  -7.3170779e-01   1.7441000e-03   1.9938000e-03   7.2974595e-01   8.1550000e-04   1.0673000e-03   8.3075744e-01   1.3192000e-03   1.5683000e-03  -8.1667193e-01   1.8179000e-03   2.0679000e-03   8.1815274e-01   7.3370000e-04   9.9070000e-04   7.5335620e-01   1.2450000e-03   1.4941000e-03  -7.3170413e-01   1.7441000e-03   1.9938000e-03   7.2974231e-01   5.1000000e+01
   8.9680000e-04   1.1468000e-03   7.9697527e-01   1.3968000e-03   1.6468000e-03  -7.9697515e-01   1.8968000e-03   2.1468000e-03   7.9697516e-01   7.3840000e-04   9.9550000e-04   7.5896810e-01   1.2500000e-03   1.4988000e-03  -7.3466256e-01   1.7487000e-03   1.9983000e-03   7.3352306e-01   8.2060000e-04   1.0721000e-03   8.3471316e-01   1.3239000e-03   1.5729000e-03  -8.2032245e-01   1.8225000e-03   2.0725000e-03   8.2260892e-01   7.3840000e-04   9.9550000e-04   7.5896430e-01   1.2500000e-03   1.4988000e-03  -7.3465888e-01   1.7487000e-03   1.9983000e-03   7.3351939e-01   5.1000000e+01
   8.9680000e-04   1.1468000e-03   7.9697527e-01   1.3968000e-03   1.6468000e-03  -7.9697515e-01   1.8968000e-03   2.1468000e-03   7.9697516e-01   7.4670000e-04   1.0036000e-03   7.6656092e-01   1.2584000e-03   1.5068000e-03  -7.3784781e-01   1.7563000e-03   2.0061000e-03   7.3869879e-01   8.2960000e-04   1.0803000e-03   8.3881140e-01   1.3318000e-03   1.5807000e-03  -8.2494360e-01   1.8301000e-03   2.0802000e-03   8.2875693e-01   7.4670000e-04   1.0036000e-03   7.6655708e-01   1.2584000e-03   1.5068000e-03  -7.3784412e-01   1.7563000e-03   2.0061000e-03   7.3869509e-01   5.2000000e+01
   8.9680000e-04   1.1468000e-03   7.9697527e-01   1.3968000e-03   1.6468000e-03  -7.9697515e-01   1.8968000e-03   2.1468000e-03   7.9697516e-01   7.4970000e-04   1.0065000e-03   7.6865591e-01   1.2615000e-03   1.5097000e-03  -7.3844053e-01   1.7590000e-03   2.0088000e-03   7.4020899e-01   8.3290000e-04   1.0833000e-03   8.3943193e-01   1.3346000e-03   1.5835000e-03  -8.2617047e-01   1.8329000e-03   2.0830000e-03   8.3054308e-01   7.4970000e-04   1.0065000e-03   7.6865206e-01   1.2615000e-03   1.5097000e-03  -7.3843684e-01   1.7590000e-03   2.0088000e-03   7.4020529e-01   5.2000000e+01
   8.9685311e-04   1.1467531e-03   7.9697526e-01   1.3968531e-03   1.6467531e-03  -7.9697514e-01   1.8968531e-03   2.1467531e-03   7.9697515e-01   6.2765311e-04   8.7845311e-04   4.4865745e-01   1.1279531e-03   1.3780531e-03  -4.5115754e-01   1.6281531e-03   1.8781531e-03   4.5113907e-01   7.7015311e-04   1.0206531e-03   7.2239086e-01   1.2707531e-03   1.5207531e-03  -7.2250701e-01   1.7708531e-03   2.0207531e-03   7.2245783e-01   6.2765311e-04   8.7845311e-04   4.4865521e-01   1.1279531e-03   1.3780531e-03  -4.5115529e-01   1.6281531e-03   1.8781531e-03   4.5113681e-01  -6.2000000e+01
   8.9686105e-04   1.1467610e-03   7.9697527e-01   1.3968610e-03   1.6467610e-03  -7.9697514e-01   1.8968610e-03   2.1467610e-03   7.9697515e-01   6.4016105e-04   8.9186105e-04   4.9733371e-01   1.1414610e-03   1.3916610e-03  -5.0053462e-01   1.6418610e-03   1.8917610e-03   5.0041045e-01   7.7246105e-04   1.0232610e-03   7.3968099e-01   1.2734610e-03   1.5234610e-03  -7.3967349e-01   1.7735610e-03   2.0235610e-03   7.3955297e-01   6.4016105e-04   8.9186105e-04   4.9733123e-01   1.1414610e-03   1.3916610e-03  -5.0053212e-01   1.6418610e-03   1.8917610e-03   5.0040795e-01  -6.2000000e+01
   8.9687845e-04   1.1467784e-03   7.9697528e-01   1.3968784e-03   1.6467784e-03  -7.9697515e-01   1.8968784e-03   2.1467784e-03   7.9697516e-01   6.6387845e-04   9.1727845e-04   5.8258124e-01   1.1674784e-03   1.4179784e-03  -5.8563165e-01   1.6682784e-03   1.9182784e-03   5.8486211e-01   7.7787845e-04   1.0293784e-03   7.6787263e-01   1.2799784e-03   1.5299784e-03  -7.6672602e-01   1.7801784e-03   2.0300784e-03   7.6629633e-01   6.6387845e-04   9.1727845e-04   5.8257832e-01   1.1674784e-03   1.4179784e-03  -5.8562872e-01   1.6682784e-03   1.9182784e-03   5.8485918e-01  -6.1000000e+01
   8.9680000e-04   1.1468000e-03   7.9697527e-01   1.3968000e-03   1.6468000e-03  -7.9697515e-01   1.8968000e-03   2.1468000e-03   7.9697516e-01   6.8700000e-04   9.4220000e-04   6.5511759e-01   1.1936000e-03   1.4440000e-03  -6.5441192e-01   1.6945000e-03   1.9444000e-03   6.5233119e-01   7.8440000e-04   1.0365000e-03   7.8792622e-01   1.2877000e-03   1.5376000e-03  -7.8381176e-01   1.7877000e-03   2.0376000e-03   7.8293319e-01   6.8700000e-04   9.4220000e-04   6.5511431e-01   1.1936000e-03   1.4440000e-03  -6.5440865e-01   1.6945000e-03   1.9444000e-03   6.5232793e-01  -6.1000000e+01
   8.9680000e-04   1.1468000e-03   7.9697527e-01   1.3968000e-03   1.6468000e-03  -7.9697515e-01   1.8968000e-03   2.1468000e-03   7.9697516e-01   6.9200000e-04   9.4760000e-04   6.6913191e-01   1.1993000e-03   1.4497000e-03  -6.6698335e-01   1.7002000e-03   1.9500000e-03   6.6457983e-01   7.8590000e-04   1.0382000e-03   7.9110105e-01   1.2894000e-03   1.5393000e-03  -7.8605784e-01   1.7895000e-03   2.0394000e-03   7.8510796e-01   6.9200000e-04   9.4760000e-04   6.6912856e-01   1.1993000e-03   1.4497000e-03  -6.6698002e-01   1.7002000e-03   1.9500000e-03   6.6457650e-01  -6.1000000e+01
   8.9680000e-04   1.1468000e-03   7.9697527e-01   1.3968000e-03   1.6468000e-03  -7.9697515e-01   1.8968000e-03   2.1468000e-03   7.9697516e-01   6.9410000e-04   9.4980000e-04   6.7473283e-01   1.2016000e-03   1.4520000e-03  -6.7191635e-01   1.7025000e-03   1.9523000e-03   6.6938329e-01   7.8650000e-04   1.0389000e-03   7.9228173e-01   1.2902000e-03   1.5401000e-03  -7.8682508e-01   1.7902000e-03   2.0401000e-03   7.8585373e-01   6.9410000e-04   9.4980000e-04   6.7472946e-01   1.2016000e-03   1.4520000e-03  -6.7191299e-01   1.7025000e-03   1.9523000e-03   6.6937994e-01  -6.1000000e+01
   8.9680000e-04   1.1468000e-03   7.9697527e-01   1.3968000e-03   1.6468000e-03  -7.9697515e-01   1.8968000e-03   2.1468000e-03   7.9697516e-01   7.0310000e-04   9.5930000e-04   6.9729619e-01   1.2117000e-03   1.4620000e-03  -6.9115477e-01   1.7125000e-03   1.9622000e-03   6.8813902e-01   7.8930000e-04   1.0419000e-03   7.9641530e-01   1.2934000e-03   1.5432000e-03  -7.8901263e-01   1.7933000e-03   2.0431000e-03   7.8802740e-01   7.0310000e-04   9.5930000e-04   6.9729270e-01   1.2117000e-03   1.4620000e-03  -6.9115131e-01   1.7125000e-03   1.9622000e-03   6.8813558e-01   6.1000000e+01
   8.9680000e-04   1.1468000e-03   7.9697527e-01   1.3968000e-03   1.6468000e-03  -7.9697515e-01   1.8968000e-03   2.1468000e-03   7.9697516e-01   7.0890000e-04   9.6540000e-04   7.1039022e-01   1.2182000e-03   1.4682000e-03  -7.0175229e-01   1.7187000e-03   1.9684000e-03   6.9853695e-01   7.9110000e-04   1.0438000e-03   7.9823937e-01   1.2955000e-03   1.5452000e-03  -7.8946966e-01   1.7952000e-03   2.0451000e-03   7.8856656e-01   7.0890000e-04   9.6540000e-04   7.1038667e-01   1.2182000e-03   1.4682000e-03  -7.0174878e-01   1.7187000e-03   1.9684000e-03   6.9853346e-01   0.0000000e+00
   8.9680000e-04   1.1468000e-03   7.9697527e-01   1.3968000e-03   1.6468000e-03  -7.9697515e-01   1.8968000e-03   2.1468000e-03   7.9697516e-01   7.1190000e-04   9.6850000e-04   7.1682580e-01   1.2215000e-03   1.4715000e-03  -7.0677159e-01   1.7220000e-03   1.9716000e-03   7.0350272e-01   7.9210000e-04   1.0448000e-03   7.9893482e-01   1.2966000e-03   1.5462000e-03  -7.8941883e-01   1.7962000e-03   2.0461000e-03   7.8859556e-01   7.1190000e-04   9.6850000e-04   7.1682221e-01   1.2215000e-03   1.4715000e-03  -7.0676805e-01   1.7220000e-03   1.9716000e-03   7.0349920e-01   0.0000000e+00
   8.9680000e-04   1.1468000e-03   7.9697527e-01   1.3968000e-03   1.6468000e-03  -7.9697515e-01   1.8968000e-03   2.1468000e-03   7.9697516e-01   7.1650000e-04   9.7320000e-04   7.2583952e-01   1.2265000e-03   1.4763000e-03  -7.1355291e-01   1.7267000e-03   1.9764000e-03   7.1028786e-01   7.9360000e-04   1.0463000e-03   7.9963167e-01   1.2982000e-03   1.5477000e-03  -7.8897805e-01   1.7977000e-03   2.0476000e-03   7.8832883e-01   7.1650000e-04   9.7320000e-04   7.2583589e-01   1.2265000e-03   1.4763000e-03  -7.1354934e-01   1.7267000e-03   1.9764000e-03   7.1028431e-01   6.1000000e+01
   8.9680000e-04   1.1468000e-03   7.9697527e-01   1.3968000e-03   1.6468000e-03  -7.9697515e-01   1.8968000e-03   2.1468000e-03   7.9697516e-01   7.1980000e-04   9.7660000e-04   7.3194558e-01   1.2301000e-03   1.4798000e-03  -7.1795577e-01   1.7302000e-03   1.9798000e-03   7.1476773e-01   7.9460000e-04   1.0474000e-03   7.9988045e-01   1.2994000e-03   1.5488000e-03  -7.8838901e-01   1.7988000e-03   2.0486000e-03   7.8791242e-01   7.1980000e-04   9.7660000e-04   7.3194192e-01   1.2301000e-03   1.4798000e-03  -7.1795218e-01   1.7302000e-03   1.9798000e-03   7.1476416e-01   6.1000000e+01
   8.9680000e-04   1.1468000e-03   7.9697527e-01   1.3968000e-03   1.6468000e-03  -7.9697515e-01   1.8968000e-03   2.1468000e-03   7.9697516e-01   7.2510000e-04   9.8210000e-04   7.4110881e-01   1.2360000e-03   1.4854000e-03  -7.2421244e-01   1.7357000e-03   1.9853000e-03   7.2131134e-01   7.9640000e-04   1.0491000e-03   7.9981449e-01   1.3013000e-03   1.5506000e-03  -7.8695160e-01   1.8005000e-03   2.0503000e-03   7.8685136e-01   7.2510000e-04   9.8210000e-04   7.4110510e-01   1.2360000e-03   1.4854000e-03  -7.2420882e-01   1.7357000e-03   1.9853000e-03   7.2130774e-01   6.1000000e+01
   8.9680000e-04   1.1468000e-03   7.9697527e-01   1.3968000e-03   1.6468000e-03  -7.9697515e-01   1.8968000e-03   2.1468000e-03   7.9697516e-01   7.2940000e-04   9.8640000e-04   7.4749514e-01   1.2405000e-03   1.4897000e-03  -7.2826740e-01   1.7399000e-03   1.9895000e-03   7.2574863e-01   7.9780000e-04   1.0505000e-03   7.9935395e-01   1.3027000e-03   1.5519000e-03  -7.8544435e-01   1.8018000e-03   2.0516000e-03   7.8572421e-01   7.2940000e-04   9.8640000e-04   7.4749140e-01   1.2405000e-03   1.4897000e-03  -7.2826375e-01   1.7399000e-03   1.9895000e-03   7.2574500e-01   6.1000000e+01
   8.9680000e-04   1.1468000e-03   7.9697527e-01   1.3968000e-03   1.6468000e-03  -7.9697515e-01   1.8968000e-03   2.1468000e-03   7.9697516e-01   7.3370000e-04   9.9080000e-04   7.5340579e-01   1.2451000e-03   1.4941000e-03  -7.3173309e-01   1.7442000e-03   1.9938000e-03   7.2977679e-01   7.9920000e-04   1.0519000e-03   7.9849765e-01   1.3042000e-03   1.5533000e-03  -7.8354401e-01   1.8031000e-03   2.0529000e-03   7.8430334e-01   7.3370000e-04   9.9080000e-04   7.5340202e-01   1.2451000e-03   1.4941000e-03  -7.3172943e-01   1.7442000e-03   1.9938000e-03   7.2977314e-01   6.1000000e+01
   8.9680000e-04   1.1468000e-03   7.9697527e-01   1.3968000e-03   1.6468000e-03  -7.9697515e-01   1.8968000e-03   2.1468000e-03   7.9697516e-01   7.3880000e-04   9.9580000e-04   7.5936639e-01   1.2504000e-03   1.4992000e-03  -7.3485645e-01   1.7490000e-03   1.9987000e-03   7.3379069e-01   8.0090000e-04   1.0535000e-03   7.9701195e-01   1.3059000e-03   1.5549000e-03  -7.8092248e-01   1.8045000e-03   2.0544000e-03   7.8235448e-01   7.3880000e-04   9.9580000e-04   7.5936259e-01   1.2504000e-03   1.4992000e-03  -7.3485278e-01   1.7490000e-03   1.9987000e-03   7.3378703e-01   6.1000000e+01
   8.9680000e-04   1.1468000e-03   7.9697527e-01   1.3968000e-03   1.6468000e-03  -7.9697515e-01   1.8968000e-03   2.1468000e-03   7.9697516e-01   7.4670000e-04   1.0036000e-03   7.6658705e-01   1.2585000e-03   1.5068000e-03  -7.3785567e-01   1.7563000e-03   2.0061000e-03   7.3871701e-01   8.0350000e-04   1.0560000e-03   7.9366280e-01   1.3084000e-03   1.5572000e-03  -7.7606950e-01   1.8066000e-03   2.0566000e-03   7.7878703e-01   7.4670000e-04   1.0036000e-03   7.6658321e-01   1.2585000e-03   1.5068000e-03  -7.3785198e-01   1.7563000e-03   2.0061000e-03   7.3871332e-01   6.2000000e+01
   8.9680000e-04   1.1468000e-03   7.9697527e-01   1.3968000e-03   1.6468000e-03  -7.9697515e-01   1.8968000e-03   2.1468000e-03   7.9697516e-01   7.4990000e-04   1.0067000e-03   7.6874168e-01   1.2616000e-03   1.5098000e-03  -7.3845972e-01   1.7591000e-03   2.0090000e-03   7.4027257e-01   8.0460000e-04   1.0569000e-03   7.9198803e-01   1.3093000e-03   1.5580000e-03  -7.7391686e-01   1.8074000e-03   2.0575000e-03   7.7721868e-01   7.4990000e-04   1.0067000e-03   7.6873783e-01   1.2616000e-03   1.5098000e-03  -7.3845603e-01   1.7591000e-03   2.0090000e-03   7.4026887e-01   6.2000000e+01
