   8.2670000e-04   1.0767000e-03   4.6346665e-01   1.3267000e-03   1.5767000e-03  -4.6346665e-01   1.8267000e-03   2.0767000e-03   4.6346665e-01   6.4590000e-04   9.0000000e-04   4.0945640e-01   1.1506000e-03   1.4014000e-03  -4.1188874e-01   1.6521000e-03   1.9019000e-03   4.0976367e-01   7.2190000e-04   9.7480000e-04   4.6174407e-01   1.2259000e-03   1.4760000e-03  -4.5977955e-01   1.7263000e-03   1.9761000e-03   4.5869479e-01   6.4590000e-04   9.0000000e-04   4.0945435e-01   1.1506000e-03   1.4014000e-03  -4.1188668e-01   1.6521000e-03   1.9019000e-03   4.0976162e-01  -1.2000000e+01
   8.3690000e-04   1.0868000e-03   5.1878213e-01   1.3369000e-03   1.5868000e-03  -5.1878213e-01   1.8369000e-03   2.0868000e-03   5.1878213e-01   6.5540000e-04   9.0990000e-04   4.5987208e-01   1.1609000e-03   1.4116000e-03  -4.6091366e-01   1.6623000e-03   1.9120000e-03   4.5860772e-01   7.3210000e-04   9.8490000e-04   5.1738597e-01   1.2362000e-03   1.4862000e-03  -5.1450066e-01   1.7364000e-03   1.9862000e-03   5.1342186e-01   6.5540000e-04   9.0990000e-04   4.5986979e-01   1.1609000e-03   1.4116000e-03  -4.6091135e-01   1.6623000e-03   1.9120000e-03   4.5860543e-01  -1.2000000e+01
   8.5620000e-04   1.1061000e-03   6.1835513e-01   1.3562000e-03   1.6061000e-03  -6.1835514e-01   1.8562000e-03   2.1061000e-03   6.1835514e-01   6.7360000e-04   9.2890000e-04   5.5135738e-01   1.1806000e-03   1.4310000e-03  -5.4913212e-01   1.6816000e-03   1.9313000e-03   5.4650160e-01   7.5150000e-04   1.0042000e-03   6.1784540e-01   1.2557000e-03   1.5055000e-03  -6.1294524e-01   1.7557000e-03   2.0055000e-03   6.1192446e-01   6.7360000e-04   9.2890000e-04   5.5135463e-01   1.1806000e-03   1.4310000e-03  -5.4912937e-01   1.6816000e-03   1.9313000e-03   5.4649887e-01  -1.1000000e+01
   8.7470000e-04   1.1246000e-03   7.0541676e-01   1.3747000e-03   1.6246000e-03  -7.0541676e-01   1.8747000e-03   2.1246000e-03   7.0541676e-01   6.9120000e-04   9.4710000e-04   6.3206490e-01   1.1995000e-03   1.4496000e-03  -6.2625010e-01   1.7001000e-03   1.9499000e-03   6.2332194e-01   7.7010000e-04   1.0228000e-03   7.0599541e-01   1.2744000e-03   1.5241000e-03  -6.9896935e-01   1.7742000e-03   2.0240000e-03   6.9803812e-01   6.9120000e-04   9.4710000e-04   6.3206174e-01   1.1995000e-03   1.4496000e-03  -6.2624696e-01   1.7001000e-03   1.9499000e-03   6.2331883e-01  -1.1000000e+01
   8.7890000e-04   1.1288000e-03   7.2392712e-01   1.3789000e-03   1.6288000e-03  -7.2392712e-01   1.8789000e-03   2.1288000e-03   7.2392712e-01   6.9520000e-04   9.5120000e-04   6.4930419e-01   1.2037000e-03   1.4539000e-03  -6.4264620e-01   1.7044000e-03   1.9541000e-03   6.3965158e-01   7.7430000e-04   1.0270000e-03   7.2477440e-01   1.2786000e-03   1.5283000e-03  -7.1725418e-01   1.7784000e-03   2.0283000e-03   7.1634550e-01   6.9520000e-04   9.5120000e-04   6.4930095e-01   1.2037000e-03   1.4539000e-03  -6.4264298e-01   1.7044000e-03   1.9541000e-03   6.3964839e-01  -1.1000000e+01
   8.8070000e-04   1.1307000e-03   7.3197031e-01   1.3807000e-03   1.6307000e-03  -7.3197030e-01   1.8807000e-03   2.1307000e-03   7.3197030e-01   6.9700000e-04   9.5310000e-04   6.5680333e-01   1.2056000e-03   1.4557000e-03  -6.4977074e-01   1.7062000e-03   1.9559000e-03   6.4674682e-01   7.7620000e-04   1.0288000e-03   7.3293830e-01   1.2805000e-03   1.5302000e-03  -7.2519889e-01   1.7803000e-03   2.0301000e-03   7.2430032e-01   6.9700000e-04   9.5310000e-04   6.5680005e-01   1.2056000e-03   1.4557000e-03  -6.4976749e-01   1.7062000e-03   1.9559000e-03   6.4674359e-01  -1.1000000e+01
   8.8820000e-04   1.1381000e-03   7.6293274e-01   1.3882000e-03   1.6381000e-03  -7.6293271e-01   1.8882000e-03   2.1381000e-03   7.6293271e-01   7.0400000e-04   9.6040000e-04   6.8571699e-01   1.2132000e-03   1.4632000e-03  -6.7719785e-01   1.7137000e-03   1.9634000e-03   6.7405824e-01   7.8360000e-04   1.0362000e-03   7.6438797e-01   1.2880000e-03   1.5376000e-03  -7.5577986e-01   1.7877000e-03   2.0375000e-03   7.5492166e-01   7.0400000e-04   9.6040000e-04   6.8571356e-01   1.2132000e-03   1.4632000e-03  -6.7719446e-01   1.7137000e-03   1.9634000e-03   6.7405487e-01   1.1000000e+01
   8.9300000e-04   1.1429000e-03   7.8210846e-01   1.3930000e-03   1.6429000e-03  -7.8210838e-01   1.8930000e-03   2.1429000e-03   7.8210839e-01   7.0860000e-04   9.6510000e-04   7.0365880e-01   1.2180000e-03   1.4680000e-03  -6.9418498e-01   1.7185000e-03   1.9682000e-03   6.9097132e-01   7.8840000e-04   1.0411000e-03   7.8388317e-01   1.2928000e-03   1.5425000e-03  -7.7471761e-01   1.7925000e-03   2.0424000e-03   7.7388540e-01   7.0860000e-04   9.6510000e-04   7.0365528e-01   1.2180000e-03   1.4680000e-03  -6.9418151e-01   1.7185000e-03   1.9682000e-03   6.9096787e-01   1.1000000e+01
   8.9700000e-04   1.1470000e-03   7.9775946e-01   1.3970000e-03   1.6470000e-03  -7.9775933e-01   1.8970000e-03   2.1470000e-03   7.9775935e-01   7.1250000e-04   9.6910000e-04   7.1832164e-01   1.2221000e-03   1.4721000e-03  -7.0805040e-01   1.7226000e-03   1.9722000e-03   7.0477475e-01   7.9240000e-04   1.0451000e-03   7.9980484e-01   1.2969000e-03   1.5465000e-03  -7.9017355e-01   1.7966000e-03   2.0464000e-03   7.8936302e-01   7.1250000e-04   9.6910000e-04   7.1831805e-01   1.2221000e-03   1.4721000e-03  -7.0804686e-01   1.7226000e-03   1.9722000e-03   7.0477123e-01   0.0000000e+00
   9.0020000e-04   1.1502000e-03   8.0962835e-01   1.4002000e-03   1.6502000e-03  -8.0962816e-01   1.9002000e-03   2.1502000e-03   8.0962818e-01   7.1550000e-04   9.7230000e-04   7.2945214e-01   1.2254000e-03   1.4753000e-03  -7.1856572e-01   1.7257000e-03   1.9754000e-03   7.1524210e-01   7.9560000e-04   1.0483000e-03   8.1188485e-01   1.3001000e-03   1.5497000e-03  -8.0189408e-01   1.7997000e-03   2.0496000e-03   8.0110016e-01   7.1550000e-04   9.7230000e-04   7.2944850e-01   1.2254000e-03   1.4753000e-03  -7.1856212e-01   1.7257000e-03   1.9754000e-03   7.1523852e-01   1.1000000e+01
   9.0410000e-04   1.1540000e-03   8.2367630e-01   1.4041000e-03   1.6540000e-03  -8.2367601e-01   1.9041000e-03   2.1540000e-03   8.2367604e-01   7.1930000e-04   9.7610000e-04   7.4263798e-01   1.2293000e-03   1.4792000e-03  -7.3101220e-01   1.7296000e-03   1.9793000e-03   7.2763064e-01   7.9950000e-04   1.0522000e-03   8.2618909e-01   1.3040000e-03   1.5536000e-03  -8.1576597e-01   1.8036000e-03   2.0535000e-03   8.1499185e-01   7.1930000e-04   9.7610000e-04   7.4263426e-01   1.2293000e-03   1.4792000e-03  -7.3100855e-01   1.7296000e-03   1.9793000e-03   7.2762700e-01   1.1000000e+01
   9.0760000e-04   1.1575000e-03   8.3596605e-01   1.4076000e-03   1.6575000e-03  -8.3596563e-01   1.9076000e-03   2.1575000e-03   8.3596569e-01   7.2260000e-04   9.7950000e-04   7.5418359e-01   1.2328000e-03   1.4827000e-03  -7.4190156e-01   1.7331000e-03   1.9828000e-03   7.3846821e-01   8.0300000e-04   1.0557000e-03   8.3870872e-01   1.3075000e-03   1.5571000e-03  -8.2790135e-01   1.8071000e-03   2.0570000e-03   8.2714466e-01   7.2260000e-04   9.7950000e-04   7.5417981e-01   1.2328000e-03   1.4827000e-03  -7.4189785e-01   1.7331000e-03   1.9828000e-03   7.3846451e-01   1.1000000e+01
   9.1220000e-04   1.1621000e-03   8.5135876e-01   1.4122000e-03   1.6621000e-03  -8.5135810e-01   1.9122000e-03   2.1621000e-03   8.5135820e-01   7.2700000e-04   9.8410000e-04   7.6865699e-01   1.2374000e-03   1.4873000e-03  -7.5554117e-01   1.7377000e-03   1.9874000e-03   7.5204142e-01   8.0750000e-04   1.0602000e-03   8.5439661e-01   1.3121000e-03   1.5617000e-03  -8.4310025e-01   1.8117000e-03   2.0615000e-03   8.4236544e-01   7.2700000e-04   9.8410000e-04   7.6865314e-01   1.2374000e-03   1.4873000e-03  -7.5553739e-01   1.7377000e-03   1.9874000e-03   7.5203766e-01   1.1000000e+01
   9.1610000e-04   1.1660000e-03   8.6406736e-01   1.4161000e-03   1.6660000e-03  -8.6406641e-01   1.9161000e-03   2.1660000e-03   8.6406656e-01   7.3080000e-04   9.8790000e-04   7.8061680e-01   1.2414000e-03   1.4912000e-03  -7.6680325e-01   1.7416000e-03   1.9913000e-03   7.6324739e-01   8.1140000e-04   1.0642000e-03   8.6735491e-01   1.3161000e-03   1.5656000e-03  -8.5564864e-01   1.8156000e-03   2.0655000e-03   8.5493182e-01   7.3080000e-04   9.8790000e-04   7.8061289e-01   1.2414000e-03   1.4912000e-03  -7.6679942e-01   1.7416000e-03   1.9913000e-03   7.6324358e-01   1.1000000e+01
   9.2000000e-04   1.1700000e-03   8.7629414e-01   1.4200000e-03   1.6700000e-03  -8.7629279e-01   1.9200000e-03   2.1700000e-03   8.7629303e-01   7.3460000e-04   9.9180000e-04   7.9213126e-01   1.2454000e-03   1.4952000e-03  -7.7763908e-01   1.7456000e-03   1.9952000e-03   7.7402797e-01   8.1540000e-04   1.0681000e-03   8.7982689e-01   1.3201000e-03   1.5696000e-03  -8.6772101e-01   1.8196000e-03   2.0694000e-03   8.6702142e-01   7.3460000e-04   9.9180000e-04   7.9212730e-01   1.2454000e-03   1.4952000e-03  -7.7763519e-01   1.7456000e-03   1.9952000e-03   7.7402410e-01   1.1000000e+01
   9.2680000e-04   1.1767000e-03   8.9590790e-01   1.4268000e-03   1.6767000e-03  -8.9590550e-01   1.9268000e-03   2.1767000e-03   8.9590601e-01   7.4110000e-04   9.9850000e-04   8.1061788e-01   1.2522000e-03   1.5019000e-03  -7.9502327e-01   1.7523000e-03   2.0020000e-03   7.9132101e-01   8.2210000e-04   1.0748000e-03   8.9984378e-01   1.3268000e-03   1.5763000e-03  -8.8708685e-01   1.8263000e-03   2.0762000e-03   8.8641441e-01   7.4110000e-04   9.9850000e-04   8.1061382e-01   1.2522000e-03   1.5019000e-03  -7.9501929e-01   1.7523000e-03   2.0020000e-03   7.9131705e-01   1.2000000e+01
   9.2960000e-04   1.1796000e-03   9.0371142e-01   1.4296000e-03   1.6796000e-03  -9.0370840e-01   1.9296000e-03   2.1796000e-03   9.0370908e-01   7.4390000e-04   1.0013000e-03   8.1797771e-01   1.2550000e-03   1.5048000e-03  -8.0194036e-01   1.7552000e-03   2.0048000e-03   7.9820081e-01   8.2490000e-04   1.0777000e-03   9.0781087e-01   1.3297000e-03   1.5792000e-03  -8.9479163e-01   1.8292000e-03   2.0790000e-03   8.9412981e-01   7.4390000e-04   1.0013000e-03   8.1797362e-01   1.2550000e-03   1.5048000e-03  -8.0193635e-01   1.7552000e-03   2.0048000e-03   7.9819682e-01   1.2000000e+01
   8.9680000e-04   1.1468000e-03   7.9697527e-01   1.3968000e-03   1.6468000e-03  -7.9697515e-01   1.8968000e-03   2.1468000e-03   7.9697516e-01   6.2750000e-04   8.7390000e-04   7.3573903e-01   1.1169000e-03   1.3665000e-03  -7.6645705e-01   1.6151000e-03   1.8650000e-03   7.7327736e-01   6.9660000e-04   9.4460000e-04   8.3950251e-01   1.1903000e-03   1.4400000e-03  -8.6172200e-01   1.6892000e-03   1.9391000e-03   8.6658020e-01   6.2750000e-04   8.7390000e-04   7.3573536e-01   1.1169000e-03   1.3665000e-03  -7.6645322e-01   1.6151000e-03   1.8650000e-03   7.7327350e-01  -2.2000000e+01
   8.9680000e-04   1.1468000e-03   7.9697527e-01   1.3968000e-03   1.6468000e-03  -7.9697515e-01   1.8968000e-03   2.1468000e-03   7.9697516e-01   6.4410000e-04   8.9400000e-04   7.5008744e-01   1.1389000e-03   1.3896000e-03  -7.8219378e-01   1.6389000e-03   1.8891000e-03   7.8885429e-01   7.1530000e-04   9.6590000e-04   8.5695908e-01   1.2130000e-03   1.4636000e-03  -8.7945621e-01   1.7132000e-03   1.9634000e-03   8.8394108e-01   6.4410000e-04   8.9400000e-04   7.5008370e-01   1.1389000e-03   1.3896000e-03  -7.8218987e-01   1.6389000e-03   1.8891000e-03   7.8885035e-01  -2.2000000e+01
   8.9680000e-04   1.1468000e-03   7.9697527e-01   1.3968000e-03   1.6468000e-03  -7.9697515e-01   1.8968000e-03   2.1468000e-03   7.9697516e-01   6.7090000e-04   9.2500000e-04   7.5582138e-01   1.1734000e-03   1.4250000e-03  -7.7776346e-01   1.6754000e-03   1.9257000e-03   7.7882773e-01   7.4550000e-04   9.9890000e-04   8.6022969e-01   1.2486000e-03   1.4996000e-03  -8.7190920e-01   1.7500000e-03   2.0001000e-03   8.7175416e-01   6.7090000e-04   9.2500000e-04   7.5581761e-01   1.1734000e-03   1.4250000e-03  -7.7775957e-01   1.6754000e-03   1.9257000e-03   7.7882383e-01  -2.1000000e+01
   8.9680000e-04   1.1468000e-03   7.9697527e-01   1.3968000e-03   1.6468000e-03  -7.9697515e-01   1.8968000e-03   2.1468000e-03   7.9697516e-01   6.9190000e-04   9.4800000e-04   7.4386289e-01   1.1991000e-03   1.4502000e-03  -7.5003474e-01   1.7011000e-03   1.9510000e-03   7.4648310e-01   7.6930000e-04   1.0232000e-03   8.3935982e-01   1.2745000e-03   1.5249000e-03  -8.3793465e-01   1.7754000e-03   2.0253000e-03   8.3525177e-01   6.9190000e-04   9.4800000e-04   7.4385917e-01   1.1991000e-03   1.4502000e-03  -7.5003099e-01   1.7011000e-03   1.9510000e-03   7.4647936e-01  -2.1000000e+01
   8.9680000e-04   1.1468000e-03   7.9697527e-01   1.3968000e-03   1.6468000e-03  -7.9697515e-01   1.8968000e-03   2.1468000e-03   7.9697516e-01   6.9660000e-04   9.5290000e-04   7.3915009e-01   1.2045000e-03   1.4555000e-03  -7.4142946e-01   1.7063000e-03   1.9561000e-03   7.3739198e-01   7.7460000e-04   1.0283000e-03   8.3185926e-01   1.2799000e-03   1.5301000e-03  -8.2782558e-01   1.7805000e-03   2.0304000e-03   8.2517622e-01   6.9660000e-04   9.5290000e-04   7.3914639e-01   1.2045000e-03   1.4555000e-03  -7.4142575e-01   1.7063000e-03   1.9561000e-03   7.3738829e-01  -2.1000000e+01
   8.9680000e-04   1.1468000e-03   7.9697527e-01   1.3968000e-03   1.6468000e-03  -7.9697515e-01   1.8968000e-03   2.1468000e-03   7.9697516e-01   6.9860000e-04   9.5500000e-04   7.3687338e-01   1.2068000e-03   1.4577000e-03  -7.3746721e-01   1.7085000e-03   1.9583000e-03   7.3331102e-01   7.7680000e-04   1.0305000e-03   8.2829043e-01   1.2822000e-03   1.5323000e-03  -8.2322667e-01   1.7827000e-03   2.0325000e-03   8.2067142e-01   6.9860000e-04   9.5500000e-04   7.3686970e-01   1.2068000e-03   1.4577000e-03  -7.3746352e-01   1.7085000e-03   1.9583000e-03   7.3330736e-01  -2.1000000e+01
   8.9680000e-04   1.1468000e-03   7.9697527e-01   1.3968000e-03   1.6468000e-03  -7.9697515e-01   1.8968000e-03   2.1468000e-03   7.9697516e-01   7.0510000e-04   9.6170000e-04   7.2855644e-01   1.2141000e-03   1.4646000e-03  -7.2381787e-01   1.7153000e-03   1.9650000e-03   7.1969967e-01   7.8420000e-04   1.0375000e-03   8.1547964e-01   1.2893000e-03   1.5392000e-03  -8.0764657e-01   1.7894000e-03   2.0392000e-03   8.0570621e-01   7.0510000e-04   9.6170000e-04   7.2855280e-01   1.2141000e-03   1.4646000e-03  -7.2381425e-01   1.7153000e-03   1.9650000e-03   7.1969608e-01   2.1000000e+01
   8.9680000e-04   1.1468000e-03   7.9697527e-01   1.3968000e-03   1.6468000e-03  -7.9697515e-01   1.8968000e-03   2.1468000e-03   7.9697516e-01   7.0920000e-04   9.6590000e-04   7.2247143e-01   1.2187000e-03   1.4688000e-03  -7.1449804e-01   1.7194000e-03   1.9691000e-03   7.1076105e-01   7.8880000e-04   1.0418000e-03   8.0628954e-01   1.2936000e-03   1.5433000e-03  -7.9724218e-01   1.7935000e-03   2.0433000e-03   7.9590759e-01   7.0920000e-04   9.6590000e-04   7.2246782e-01   1.2187000e-03   1.4688000e-03  -7.1449447e-01   1.7194000e-03   1.9691000e-03   7.1075749e-01   2.1000000e+01
   8.9680000e-04   1.1468000e-03   7.9697527e-01   1.3968000e-03   1.6468000e-03  -7.9697515e-01   1.8968000e-03   2.1468000e-03   7.9697516e-01   7.1290000e-04   9.6950000e-04   7.1664079e-01   1.2225000e-03   1.4725000e-03  -7.0600473e-01   1.7229000e-03   1.9726000e-03   7.0283569e-01   7.9290000e-04   1.0455000e-03   7.9760600e-01   1.2973000e-03   1.5469000e-03  -7.8792867e-01   1.7969000e-03   2.0467000e-03   7.8721911e-01   7.1290000e-04   9.6950000e-04   7.1663721e-01   1.2225000e-03   1.4725000e-03  -7.0600119e-01   1.7229000e-03   1.9726000e-03   7.0283217e-01   0.0000000e+00
   8.9680000e-04   1.1468000e-03   7.9697527e-01   1.3968000e-03   1.6468000e-03  -7.9697515e-01   1.8968000e-03   2.1468000e-03   7.9697516e-01   7.1490000e-04   9.7140000e-04   7.1327536e-01   1.2246000e-03   1.4744000e-03  -7.0127705e-01   1.7247000e-03   1.9744000e-03   6.9850684e-01   7.9500000e-04   1.0475000e-03   7.9264433e-01   1.2992000e-03   1.5487000e-03  -7.8281548e-01   1.7987000e-03   2.0486000e-03   7.8246624e-01   7.1490000e-04   9.7140000e-04   7.1327179e-01   1.2246000e-03   1.4744000e-03  -7.0127354e-01   1.7247000e-03   1.9744000e-03   6.9850335e-01   0.0000000e+00
   8.9680000e-04   1.1468000e-03   7.9697527e-01   1.3968000e-03   1.6468000e-03  -7.9697515e-01   1.8968000e-03   2.1468000e-03   7.9697516e-01   7.1770000e-04   9.7420000e-04   7.0818923e-01   1.2275000e-03   1.4771000e-03  -6.9435549e-01   1.7273000e-03   1.9770000e-03   6.9226595e-01   7.9820000e-04   1.0503000e-03   7.8521290e-01   1.3019000e-03   1.5514000e-03  -7.7542341e-01   1.8013000e-03   2.0512000e-03   7.7559595e-01   7.1770000e-04   9.7420000e-04   7.0818568e-01   1.2275000e-03   1.4771000e-03  -6.9435202e-01   1.7273000e-03   1.9770000e-03   6.9226249e-01   0.0000000e+00
   8.9680000e-04   1.1468000e-03   7.9697527e-01   1.3968000e-03   1.6468000e-03  -7.9697515e-01   1.8968000e-03   2.1468000e-03   7.9697516e-01   7.2030000e-04   9.7670000e-04   7.0325685e-01   1.2302000e-03   1.4795000e-03  -6.8788359e-01   1.7296000e-03   1.9794000e-03   6.8652445e-01   8.0110000e-04   1.0528000e-03   7.7808136e-01   1.3043000e-03   1.5538000e-03  -7.6861476e-01   1.8036000e-03   2.0535000e-03   7.6924669e-01   7.2030000e-04   9.7670000e-04   7.0325333e-01   1.2302000e-03   1.4795000e-03  -6.8788015e-01   1.7296000e-03   1.9794000e-03   6.8652102e-01   2.1000000e+01
   8.9680000e-04   1.1468000e-03   7.9697527e-01   1.3968000e-03   1.6468000e-03  -7.9697515e-01   1.8968000e-03   2.1468000e-03   7.9697516e-01   7.2410000e-04   9.8020000e-04   6.9584184e-01   1.2338000e-03   1.4829000e-03  -6.7856830e-01   1.7328000e-03   1.9826000e-03   6.7839648e-01   8.0510000e-04   1.0564000e-03   7.6749817e-01   1.3076000e-03   1.5570000e-03  -7.5899491e-01   1.8068000e-03   2.0568000e-03   7.6018795e-01   7.2410000e-04   9.8020000e-04   6.9583836e-01   1.2338000e-03   1.4829000e-03  -6.7856491e-01   1.7328000e-03   1.9826000e-03   6.7839309e-01   2.1000000e+01
   8.9680000e-04   1.1468000e-03   7.9697527e-01   1.3968000e-03   1.6468000e-03  -7.9697515e-01   1.8968000e-03   2.1468000e-03   7.9697516e-01   7.2740000e-04   9.8330000e-04   6.8882722e-01   1.2370000e-03   1.4859000e-03  -6.7018284e-01   1.7355000e-03   1.9854000e-03   6.7118852e-01   8.0870000e-04   1.0595000e-03   7.5763991e-01   1.3104000e-03   1.5599000e-03  -7.5052239e-01   1.8096000e-03   2.0596000e-03   7.5205758e-01   7.2740000e-04   9.8330000e-04   6.8882377e-01   1.2370000e-03   1.4859000e-03  -6.7017949e-01   1.7355000e-03   1.9854000e-03   6.7118516e-01   2.1000000e+01
   8.9680000e-04   1.1468000e-03   7.9697527e-01   1.3968000e-03   1.6468000e-03  -7.9697515e-01   1.8968000e-03   2.1468000e-03   7.9697516e-01   7.3020000e-04   9.8590000e-04   6.8251549e-01   1.2396000e-03   1.4883000e-03  -6.6296986e-01   1.7378000e-03   1.9878000e-03   6.6504459e-01   8.1180000e-04   1.0620000e-03   7.4890027e-01   1.3127000e-03   1.5622000e-03  -7.4337956e-01   1.8120000e-03   2.0620000e-03   7.4503155e-01   7.3020000e-04   9.8590000e-04   6.8251208e-01   1.2396000e-03   1.4883000e-03  -6.6296654e-01   1.7378000e-03   1.9878000e-03   6.6504126e-01   2.1000000e+01
   8.9680000e-04   1.1468000e-03   7.9697527e-01   1.3968000e-03   1.6468000e-03  -7.9697515e-01   1.8968000e-03   2.1468000e-03   7.9697516e-01   7.3460000e-04   9.8990000e-04   6.7214447e-01   1.2435000e-03   1.4920000e-03  -6.5175738e-01   1.7412000e-03   1.9914000e-03   6.5553338e-01   8.1650000e-04   1.0660000e-03   7.3482179e-01   1.3161000e-03   1.5658000e-03  -7.3254515e-01   1.8156000e-03   2.0657000e-03   7.3393063e-01   7.3460000e-04   9.8990000e-04   6.7214110e-01   1.2435000e-03   1.4920000e-03  -6.5175413e-01   1.7412000e-03   1.9914000e-03   6.5553010e-01   2.2000000e+01
   8.9680000e-04   1.1468000e-03   7.9697527e-01   1.3968000e-03   1.6468000e-03  -7.9697515e-01   1.8968000e-03   2.1468000e-03   7.9697516e-01   7.3690000e-04   9.9190000e-04   6.6651179e-01   1.2455000e-03   1.4938000e-03  -6.4598202e-01   1.7430000e-03   1.9932000e-03   6.5061935e-01   8.1880000e-04   1.0679000e-03   7.2733108e-01   1.3178000e-03   1.5676000e-03  -7.2709039e-01   1.8175000e-03   2.0676000e-03   7.2806729e-01   7.3690000e-04   9.9190000e-04   6.6650846e-01   1.2455000e-03   1.4938000e-03  -6.4597879e-01   1.7430000e-03   1.9932000e-03   6.5061609e-01   2.2000000e+01
   8.9685300e-04   1.1467530e-03   7.9697526e-01   1.3968530e-03   1.6467530e-03  -7.9697514e-01   1.8968530e-03   2.1467530e-03   7.9697515e-01   6.3055300e-04   8.8285300e-04   3.1896867e-01   1.1339530e-03   1.3836530e-03  -3.1654662e-01   1.6335530e-03   1.8835530e-03   3.1685814e-01   7.7735300e-04   1.0265530e-03   5.0690729e-01   1.2762530e-03   1.5263530e-03  -5.0814834e-01   1.7764530e-03   2.0263530e-03   5.0798802e-01   6.3055300e-04   8.8285300e-04   3.1896707e-01   1.1339530e-03   1.3836530e-03  -3.1654503e-01   1.6335530e-03   1.8835530e-03   3.1685656e-01  -3.2000000e+01
   8.9686097e-04   1.1467610e-03   7.9697527e-01   1.3968610e-03   1.6467610e-03  -7.9697514e-01   1.8968610e-03   2.1467610e-03   7.9697515e-01   6.3986097e-04   8.9226097e-04   3.6793971e-01   1.1434610e-03   1.3931610e-03  -3.6533237e-01   1.6430610e-03   1.8930610e-03   3.6560157e-01   7.7556097e-04   1.0250610e-03   5.4003280e-01   1.2748610e-03   1.5248610e-03  -5.4076160e-01   1.7749610e-03   2.0248610e-03   5.4068562e-01   6.3986097e-04   8.9226097e-04   3.6793787e-01   1.1434610e-03   1.3931610e-03  -3.6533054e-01   1.6430610e-03   1.8930610e-03   3.6559975e-01  -3.2000000e+01
   8.9687845e-04   1.1467785e-03   7.9697528e-01   1.3968785e-03   1.6467785e-03  -7.9697515e-01   1.8968785e-03   2.1467785e-03   7.9697516e-01   6.5977845e-04   9.1297845e-04   4.7075697e-01   1.1641785e-03   1.4139785e-03  -4.6780577e-01   1.6639785e-03   1.9139785e-03   4.6782590e-01   7.7547845e-04   1.0256785e-03   6.1357200e-01   1.2758785e-03   1.5257785e-03  -6.1300721e-01   1.7757785e-03   2.0257785e-03   6.1304681e-01   6.5977845e-04   9.1297845e-04   4.7075461e-01   1.1641785e-03   1.4139785e-03  -4.6780343e-01   1.6639785e-03   1.9139785e-03   4.6782356e-01  -3.1000000e+01
   8.9680000e-04   1.1468000e-03   7.9697527e-01   1.3968000e-03   1.6468000e-03  -7.9697515e-01   1.8968000e-03   2.1468000e-03   7.9697516e-01   6.8360000e-04   9.3820000e-04   5.8849939e-01   1.1899000e-03   1.4398000e-03  -5.8428038e-01   1.6900000e-03   1.9399000e-03   5.8345420e-01   7.8080000e-04   1.0320000e-03   7.0162209e-01   1.2827000e-03   1.5325000e-03  -6.9857131e-01   1.7826000e-03   2.0325000e-03   6.9849840e-01   6.8360000e-04   9.3820000e-04   5.8849645e-01   1.1899000e-03   1.4398000e-03  -5.8427746e-01   1.6900000e-03   1.9399000e-03   5.8345128e-01  -3.1000000e+01
   8.9680000e-04   1.1468000e-03   7.9697527e-01   1.3968000e-03   1.6468000e-03  -7.9697515e-01   1.8968000e-03   2.1468000e-03   7.9697516e-01   6.8910000e-04   9.4400000e-04   6.1413653e-01   1.1959000e-03   1.4459000e-03  -6.0928541e-01   1.6961000e-03   1.9459000e-03   6.0813300e-01   7.8260000e-04   1.0340000e-03   7.2102060e-01   1.2849000e-03   1.5348000e-03  -7.1711926e-01   1.7848000e-03   2.0347000e-03   7.1695922e-01   6.8910000e-04   9.4400000e-04   6.1413346e-01   1.1959000e-03   1.4459000e-03  -6.0928236e-01   1.6961000e-03   1.9459000e-03   6.0812996e-01  -3.1000000e+01
   8.9680000e-04   1.1468000e-03   7.9697527e-01   1.3968000e-03   1.6468000e-03  -7.9697515e-01   1.8968000e-03   2.1468000e-03   7.9697516e-01   6.9170000e-04   9.4690000e-04   6.2665253e-01   1.1988000e-03   1.4488000e-03  -6.2141722e-01   1.6991000e-03   1.9489000e-03   6.2008044e-01   7.8350000e-04   1.0351000e-03   7.3049577e-01   1.2861000e-03   1.5359000e-03  -7.2611711e-01   1.7860000e-03   2.0359000e-03   7.2590391e-01   6.9170000e-04   9.4690000e-04   6.2664939e-01   1.1988000e-03   1.4488000e-03  -6.2141412e-01   1.6991000e-03   1.9489000e-03   6.2007734e-01  -3.1000000e+01
   8.9680000e-04   1.1468000e-03   7.9697527e-01   1.3968000e-03   1.6468000e-03  -7.9697515e-01   1.8968000e-03   2.1468000e-03   7.9697516e-01   7.0140000e-04   9.5730000e-04   6.7070466e-01   1.2097000e-03   1.4597000e-03  -6.6361192e-01   1.7100000e-03   1.9598000e-03   6.6147651e-01   7.8740000e-04   1.0395000e-03   7.6380069e-01   1.2908000e-03   1.5405000e-03  -7.5733447e-01   1.7906000e-03   2.0405000e-03   7.5687566e-01   7.0140000e-04   9.5730000e-04   6.7070131e-01   1.2097000e-03   1.4597000e-03  -6.6360860e-01   1.7100000e-03   1.9598000e-03   6.6147320e-01   3.1000000e+01
   8.9680000e-04   1.1468000e-03   7.9697527e-01   1.3968000e-03   1.6468000e-03  -7.9697515e-01   1.8968000e-03   2.1468000e-03   7.9697516e-01   7.0840000e-04   9.6470000e-04   7.0098272e-01   1.2175000e-03   1.4675000e-03  -6.9202946e-01   1.7179000e-03   1.9676000e-03   6.8919519e-01   7.9040000e-04   1.0429000e-03   7.8658098e-01   1.2945000e-03   1.5442000e-03  -7.7821616e-01   1.7942000e-03   2.0441000e-03   7.7753807e-01   7.0840000e-04   9.6470000e-04   7.0097921e-01   1.2175000e-03   1.4675000e-03  -6.9202600e-01   1.7179000e-03   1.9676000e-03   6.8919174e-01   0.0000000e+00
   8.9680000e-04   1.1468000e-03   7.9697527e-01   1.3968000e-03   1.6468000e-03  -7.9697515e-01   1.8968000e-03   2.1468000e-03   7.9697516e-01   7.1230000e-04   9.6900000e-04   7.1771212e-01   1.2220000e-03   1.4719000e-03  -7.0747077e-01   1.7224000e-03   1.9721000e-03   7.0419481e-01   7.9220000e-04   1.0449000e-03   7.9910063e-01   1.2967000e-03   1.5463000e-03  -7.8948289e-01   1.7964000e-03   2.0462000e-03   7.8867023e-01   7.1230000e-04   9.6900000e-04   7.1770853e-01   1.2220000e-03   1.4719000e-03  -7.0746723e-01   1.7224000e-03   1.9721000e-03   7.0419129e-01   0.0000000e+00
   8.9680000e-04   1.1468000e-03   7.9697527e-01   1.3968000e-03   1.6468000e-03  -7.9697515e-01   1.8968000e-03   2.1468000e-03   7.9697516e-01   7.1710000e-04   9.7400000e-04   7.3726189e-01   1.2273000e-03   1.4773000e-03  -7.2523519e-01   1.7277000e-03   1.9774000e-03   7.2139378e-01   7.9450000e-04   1.0475000e-03   8.1364919e-01   1.2995000e-03   1.5490000e-03  -8.0235005e-01   1.7991000e-03   2.0489000e-03   8.0137444e-01   7.1710000e-04   9.7400000e-04   7.3725820e-01   1.2273000e-03   1.4773000e-03  -7.2523156e-01   1.7277000e-03   1.9774000e-03   7.2139017e-01   3.1000000e+01
   8.9680000e-04   1.1468000e-03   7.9697527e-01   1.3968000e-03   1.6468000e-03  -7.9697515e-01   1.8968000e-03   2.1468000e-03   7.9697516e-01   7.2290000e-04   9.8030000e-04   7.6036193e-01   1.2339000e-03   1.4838000e-03  -7.4576868e-01   1.7343000e-03   1.9839000e-03   7.4119673e-01   7.9740000e-04   1.0507000e-03   8.3069598e-01   1.3030000e-03   1.5524000e-03  -8.1705918e-01   1.8024000e-03   2.0522000e-03   8.1589731e-01   7.2290000e-04   9.8030000e-04   7.6035813e-01   1.2339000e-03   1.4838000e-03  -7.4576495e-01   1.7343000e-03   1.9839000e-03   7.4119303e-01   3.1000000e+01
   8.9680000e-04   1.1468000e-03   7.9697527e-01   1.3968000e-03   1.6468000e-03  -7.9697515e-01   1.8968000e-03   2.1468000e-03   7.9697516e-01   7.2740000e-04   9.8510000e-04   7.7757719e-01   1.2391000e-03   1.4888000e-03  -7.6069173e-01   1.7394000e-03   1.9888000e-03   7.5554073e-01   7.9980000e-04   1.0532000e-03   8.4327360e-01   1.3058000e-03   1.5551000e-03  -8.2760664e-01   1.8051000e-03   2.0548000e-03   8.2632596e-01   7.2740000e-04   9.8510000e-04   7.7757330e-01   1.2391000e-03   1.4888000e-03  -7.6068792e-01   1.7394000e-03   1.9888000e-03   7.5553696e-01   3.1000000e+01
   8.9680000e-04   1.1468000e-03   7.9697527e-01   1.3968000e-03   1.6468000e-03  -7.9697515e-01   1.8968000e-03   2.1468000e-03   7.9697516e-01   7.3500000e-04   9.9310000e-04   8.0504550e-01   1.2477000e-03   1.4972000e-03  -7.8368721e-01   1.7478000e-03   1.9971000e-03   7.7758782e-01   8.0390000e-04   1.0576000e-03   8.6305608e-01   1.3106000e-03   1.5597000e-03  -8.4354071e-01   1.8097000e-03   2.0594000e-03   8.4215702e-01   7.3500000e-04   9.9310000e-04   8.0504147e-01   1.2477000e-03   1.4972000e-03  -7.8368329e-01   1.7478000e-03   1.9971000e-03   7.7758393e-01   3.1000000e+01
   8.9680000e-04   1.1468000e-03   7.9697527e-01   1.3968000e-03   1.6468000e-03  -7.9697515e-01   1.8968000e-03   2.1468000e-03   7.9697516e-01   7.4350000e-04   1.0021000e-03   8.3391456e-01   1.2574000e-03   1.5067000e-03  -8.0649761e-01   1.7571000e-03   2.0064000e-03   7.9947249e-01   8.0870000e-04   1.0628000e-03   8.8334758e-01   1.3163000e-03   1.5651000e-03  -8.5879481e-01   1.8149000e-03   2.0645000e-03   8.5754418e-01   7.4350000e-04   1.0021000e-03   8.3391039e-01   1.2574000e-03   1.5067000e-03  -8.0649357e-01   1.7571000e-03   2.0064000e-03   7.9946849e-01   3.1000000e+01
   8.9680000e-04   1.1468000e-03   7.9697527e-01   1.3968000e-03   1.6468000e-03  -7.9697515e-01   1.8968000e-03   2.1468000e-03   7.9697516e-01   7.4900000e-04   1.0079000e-03   8.5102119e-01   1.2636000e-03   1.5126000e-03  -8.1917359e-01   1.7630000e-03   2.0122000e-03   8.1172564e-01   8.1200000e-04   1.0662000e-03   8.9504745e-01   1.3200000e-03   1.5686000e-03  -8.6691115e-01   1.8182000e-03   2.0678000e-03   8.6595941e-01   7.4900000e-04   1.0079000e-03   8.5101693e-01   1.2636000e-03   1.5126000e-03  -8.1916949e-01   1.7630000e-03   2.0122000e-03   8.1172158e-01   3.1000000e+01
   8.9680000e-04   1.1468000e-03   7.9697527e-01   1.3968000e-03   1.6468000e-03  -7.9697515e-01   1.8968000e-03   2.1468000e-03   7.9697516e-01   7.6190000e-04   1.0212000e-03   8.8627559e-01   1.2780000e-03   1.5262000e-03  -8.4254959e-01   1.7763000e-03   2.0253000e-03   8.3504561e-01   8.1970000e-04   1.0742000e-03   9.1803220e-01   1.3287000e-03   1.5766000e-03  -8.8063477e-01   1.8259000e-03   2.0755000e-03   8.8136287e-01   7.6190000e-04   1.0212000e-03   8.8627115e-01   1.2780000e-03   1.5262000e-03  -8.4254538e-01   1.7763000e-03   2.0253000e-03   8.3504143e-01   3.2000000e+01
   8.9680000e-04   1.1468000e-03   7.9697527e-01   1.3968000e-03   1.6468000e-03  -7.9697515e-01   1.8968000e-03   2.1468000e-03   7.9697516e-01   7.6640000e-04   1.0259000e-03   8.9711420e-01   1.2830000e-03   1.5309000e-03  -8.4871972e-01   1.7809000e-03   2.0297000e-03   8.4164576e-01   8.2260000e-04   1.0770000e-03   9.2465582e-01   1.3318000e-03   1.5794000e-03  -8.8374665e-01   1.8285000e-03   2.0781000e-03   8.8550697e-01   7.6640000e-04   1.0259000e-03   8.9710971e-01   1.2830000e-03   1.5309000e-03  -8.4871548e-01   1.7809000e-03   2.0297000e-03   8.4164155e-01   3.2000000e+01
   8.2690000e-04   1.0769000e-03   4.6435570e-01   1.3269000e-03   1.5769000e-03  -4.6435570e-01   1.8269000e-03   2.0769000e-03   4.6435570e-01   6.4600000e-04   9.0010000e-04   4.1026344e-01   1.1508000e-03   1.4016000e-03  -4.1267700e-01   1.6523000e-03   1.9021000e-03   4.1054885e-01   7.2210000e-04   9.7490000e-04   4.6263728e-01   1.2261000e-03   1.4762000e-03  -4.6065940e-01   1.7265000e-03   1.9763000e-03   4.5957445e-01   6.4600000e-04   9.0010000e-04   4.1026139e-01   1.1508000e-03   1.4016000e-03  -4.1267493e-01   1.6523000e-03   1.9021000e-03   4.1054680e-01  -4.2000000e+01
   8.3890000e-04   1.0889000e-03   5.2996581e-01   1.3389000e-03   1.5889000e-03  -5.2996581e-01   1.8389000e-03   2.0889000e-03   5.2996581e-01   6.5740000e-04   9.1200000e-04   4.7010050e-01   1.1631000e-03   1.4137000e-03  -4.7082390e-01   1.6644000e-03   1.9141000e-03   4.6848157e-01   7.3420000e-04   9.8700000e-04   5.2864992e-01   1.2383000e-03   1.4883000e-03  -5.2556129e-01   1.7385000e-03   1.9883000e-03   5.2448605e-01   6.5740000e-04   9.1200000e-04   4.7009815e-01   1.1631000e-03   1.4137000e-03  -4.7082154e-01   1.6644000e-03   1.9141000e-03   4.6847923e-01  -4.2000000e+01
   8.4900000e-04   1.0989000e-03   5.8243356e-01   1.3490000e-03   1.5989000e-03  -5.8243356e-01   1.8490000e-03   2.0989000e-03   5.8243356e-01   6.6690000e-04   9.2180000e-04   5.1824792e-01   1.1733000e-03   1.4238000e-03  -5.1731034e-01   1.6744000e-03   1.9242000e-03   5.1479770e-01   7.4440000e-04   9.9710000e-04   5.8155968e-01   1.2485000e-03   1.4984000e-03  -5.7743880e-01   1.7485000e-03   1.9984000e-03   5.7639076e-01   6.6690000e-04   9.2180000e-04   5.1824532e-01   1.1733000e-03   1.4238000e-03  -5.1730776e-01   1.6744000e-03   1.9242000e-03   5.1479513e-01  -4.1000000e+01
   8.8050000e-04   1.1305000e-03   7.3105544e-01   1.3805000e-03   1.6305000e-03  -7.3105543e-01   1.8805000e-03   2.1305000e-03   7.3105543e-01   6.9680000e-04   9.5290000e-04   6.5595015e-01   1.2054000e-03   1.4555000e-03  -6.4896035e-01   1.7060000e-03   1.9557000e-03   6.4593979e-01   7.7590000e-04   1.0286000e-03   7.3200959e-01   1.2803000e-03   1.5300000e-03  -7.2429521e-01   1.7801000e-03   2.0299000e-03   7.2339551e-01   6.9680000e-04   9.5290000e-04   6.5594687e-01   1.2054000e-03   1.4555000e-03  -6.4895710e-01   1.7060000e-03   1.9557000e-03   6.4593656e-01  -4.1000000e+01
   8.8030000e-04   1.1302000e-03   7.2997541e-01   1.3803000e-03   1.6302000e-03  -7.2997540e-01   1.8803000e-03   2.1302000e-03   7.2997540e-01   6.9650000e-04   9.5260000e-04   6.5494299e-01   1.2052000e-03   1.4553000e-03  -6.4800369e-01   1.7058000e-03   1.9555000e-03   6.4498707e-01   7.7570000e-04   1.0284000e-03   7.3091325e-01   1.2800000e-03   1.5297000e-03  -7.2322843e-01   1.7798000e-03   2.0297000e-03   7.2232734e-01   6.9650000e-04   9.5260000e-04   6.5493972e-01   1.2052000e-03   1.4553000e-03  -6.4800045e-01   1.7058000e-03   1.9555000e-03   6.4498384e-01  -4.1000000e+01
   8.8670000e-04   1.1367000e-03   7.5701686e-01   1.3867000e-03   1.6367000e-03  -7.5701682e-01   1.8867000e-03   2.1367000e-03   7.5701682e-01   7.0270000e-04   9.5900000e-04   6.8018715e-01   1.2117000e-03   1.4617000e-03  -6.7195726e-01   1.7122000e-03   1.9619000e-03   6.6884019e-01   7.8210000e-04   1.0348000e-03   7.5837627e-01   1.2865000e-03   1.5362000e-03  -7.4993713e-01   1.7863000e-03   2.0361000e-03   7.4907108e-01   7.0270000e-04   9.5900000e-04   6.8018375e-01   1.2117000e-03   1.4617000e-03  -6.7195390e-01   1.7122000e-03   1.9619000e-03   6.6883685e-01   4.1000000e+01
   8.8620000e-04   1.1362000e-03   7.5499861e-01   1.3862000e-03   1.6362000e-03  -7.5499858e-01   1.8862000e-03   2.1362000e-03   7.5499858e-01   7.0220000e-04   9.5850000e-04   6.7830118e-01   1.2112000e-03   1.4613000e-03  -6.7016944e-01   1.7117000e-03   1.9614000e-03   6.6705998e-01   7.8160000e-04   1.0343000e-03   7.5632562e-01   1.2860000e-03   1.5357000e-03  -7.4794381e-01   1.7858000e-03   2.0356000e-03   7.4707509e-01   7.0220000e-04   9.5850000e-04   6.7829779e-01   1.2112000e-03   1.4613000e-03  -6.7016608e-01   1.7117000e-03   1.9614000e-03   6.6705664e-01   4.1000000e+01
   8.9280000e-04   1.1428000e-03   7.8160267e-01   1.3928000e-03   1.6428000e-03  -7.8160259e-01   1.8928000e-03   2.1428000e-03   7.8160260e-01   7.0850000e-04   9.6500000e-04   7.0318527e-01   1.2179000e-03   1.4679000e-03  -6.9373689e-01   1.7184000e-03   1.9680000e-03   6.9052521e-01   7.8820000e-04   1.0409000e-03   7.8336879e-01   1.2927000e-03   1.5423000e-03  -7.7421811e-01   1.7924000e-03   2.0422000e-03   7.7338523e-01   7.0850000e-04   9.6500000e-04   7.0318175e-01   1.2179000e-03   1.4679000e-03  -6.9373342e-01   1.7184000e-03   1.9680000e-03   6.9052176e-01   4.1000000e+01
   8.8960000e-04   1.1395000e-03   7.6870222e-01   1.3896000e-03   1.6395000e-03  -7.6870217e-01   1.8896000e-03   2.1395000e-03   7.6870217e-01   7.0540000e-04   9.6180000e-04   6.9111257e-01   1.2146000e-03   1.4646000e-03  -6.8230872e-01   1.7151000e-03   1.9648000e-03   6.7914710e-01   7.8500000e-04   1.0377000e-03   7.7025220e-01   1.2894000e-03   1.5391000e-03  -7.6147788e-01   1.7891000e-03   2.0390000e-03   7.6062746e-01   7.0540000e-04   9.6180000e-04   6.9110911e-01   1.2146000e-03   1.4646000e-03  -6.8230531e-01   1.7151000e-03   1.9648000e-03   6.7914370e-01   4.1000000e+01
   8.9550000e-04   1.1454000e-03   7.9170857e-01   1.3955000e-03   1.6454000e-03  -7.9170846e-01   1.8955000e-03   2.1454000e-03   7.9170847e-01   7.1100000e-04   9.6760000e-04   7.1265081e-01   1.2205000e-03   1.4705000e-03  -7.0268974e-01   1.7210000e-03   1.9706000e-03   6.9943822e-01   7.9080000e-04   1.0435000e-03   7.9364825e-01   1.2953000e-03   1.5449000e-03  -7.8419814e-01   1.7950000e-03   2.0448000e-03   7.8337920e-01   7.1100000e-04   9.6760000e-04   7.1264724e-01   1.2205000e-03   1.4705000e-03  -7.0268623e-01   1.7210000e-03   1.9706000e-03   6.9943473e-01   0.0000000e+00
   9.0640000e-04   1.1564000e-03   8.3182441e-01   1.4064000e-03   1.6564000e-03  -8.3182408e-01   1.9064000e-03   2.1564000e-03   8.3182412e-01   7.2150000e-04   9.7840000e-04   7.5029150e-01   1.2316000e-03   1.4815000e-03  -7.3823193e-01   1.7319000e-03   1.9816000e-03   7.3481603e-01   8.0180000e-04   1.0545000e-03   8.3448914e-01   1.3063000e-03   1.5559000e-03  -8.2381185e-01   1.8059000e-03   2.0558000e-03   8.2304924e-01   7.2150000e-04   9.7840000e-04   7.5028774e-01   1.2316000e-03   1.4815000e-03  -7.3822824e-01   1.7319000e-03   1.9816000e-03   7.3481236e-01   4.1000000e+01
   9.0480000e-04   1.1547000e-03   8.2611722e-01   1.4048000e-03   1.6547000e-03  -8.2611694e-01   1.9048000e-03   2.1547000e-03   8.2611697e-01   7.1990000e-04   9.7680000e-04   7.4493018e-01   1.2300000e-03   1.4799000e-03  -7.3317502e-01   1.7303000e-03   1.9800000e-03   7.2978317e-01   8.0010000e-04   1.0528000e-03   8.2867530e-01   1.3047000e-03   1.5543000e-03  -8.1817630e-01   1.8043000e-03   2.0541000e-03   8.1740558e-01   7.1990000e-04   9.7680000e-04   7.4492645e-01   1.2300000e-03   1.4799000e-03  -7.3317136e-01   1.7303000e-03   1.9800000e-03   7.2977952e-01   4.1000000e+01
   9.1750000e-04   1.1675000e-03   8.6852321e-01   1.4175000e-03   1.6675000e-03  -8.6852240e-01   1.9175000e-03   2.1675000e-03   8.6852253e-01   7.3220000e-04   9.8930000e-04   7.8481172e-01   1.2428000e-03   1.4926000e-03  -7.7075265e-01   1.7431000e-03   1.9927000e-03   7.6717644e-01   8.1280000e-04   1.0656000e-03   8.7190013e-01   1.3175000e-03   1.5670000e-03  -8.6004858e-01   1.8170000e-03   2.0669000e-03   8.5933793e-01   7.3220000e-04   9.8930000e-04   7.8480780e-01   1.2428000e-03   1.4926000e-03  -7.7074880e-01   1.7431000e-03   1.9927000e-03   7.6717260e-01   4.1000000e+01
   9.1040000e-04   1.1604000e-03   8.4563841e-01   1.4104000e-03   1.6604000e-03  -8.4563794e-01   1.9104000e-03   2.1604000e-03   8.4563801e-01   7.2530000e-04   9.8240000e-04   7.6327636e-01   1.2357000e-03   1.4856000e-03  -7.5047241e-01   1.7360000e-03   1.9856000e-03   7.4699737e-01   8.0580000e-04   1.0585000e-03   8.4856584e-01   1.3104000e-03   1.5600000e-03  -8.3745209e-01   1.8100000e-03   2.0598000e-03   8.3670911e-01   7.2530000e-04   9.8240000e-04   7.6327254e-01   1.2357000e-03   1.4856000e-03  -7.5046866e-01   1.7360000e-03   1.9856000e-03   7.4699364e-01   4.1000000e+01
   9.2620000e-04   1.1762000e-03   8.9431527e-01   1.4262000e-03   1.6762000e-03  -8.9431377e-01   1.9262000e-03   2.1762000e-03   8.9431408e-01   7.4060000e-04   9.9800000e-04   8.0911567e-01   1.2516000e-03   1.5014000e-03  -7.9361290e-01   1.7518000e-03   2.0014000e-03   7.8991736e-01   8.2150000e-04   1.0743000e-03   8.9821940e-01   1.3263000e-03   1.5758000e-03  -8.8551518e-01   1.8257000e-03   2.0756000e-03   8.8484037e-01   7.4060000e-04   9.9800000e-04   8.0911162e-01   1.2516000e-03   1.5014000e-03  -7.9360893e-01   1.7518000e-03   2.0014000e-03   7.8991341e-01   4.2000000e+01
   9.2780000e-04   1.1777000e-03   8.9862056e-01   1.4278000e-03   1.6777000e-03  -8.9861889e-01   1.9278000e-03   2.1777000e-03   8.9861925e-01   7.4200000e-04   9.9950000e-04   8.1317564e-01   1.2532000e-03   1.5029000e-03  -7.9742921e-01   1.7533000e-03   2.0030000e-03   7.9371316e-01   8.2310000e-04   1.0758000e-03   9.0261476e-01   1.3278000e-03   1.5773000e-03  -8.8976614e-01   1.8273000e-03   2.0771000e-03   8.8909715e-01   7.4200000e-04   9.9950000e-04   8.1317157e-01   1.2532000e-03   1.5029000e-03  -7.9742522e-01   1.7533000e-03   2.0030000e-03   7.9370919e-01   4.2000000e+01
   9.3210000e-04   1.1821000e-03   9.1026305e-01   1.4321000e-03   1.6821000e-03  -9.1026086e-01   1.9321000e-03   2.1821000e-03   9.1026138e-01   7.4630000e-04   1.0038000e-03   8.2415869e-01   1.2575000e-03   1.5073000e-03  -8.0775011e-01   1.7577000e-03   2.0073000e-03   8.0397773e-01   8.2740000e-04   1.0801000e-03   9.1450363e-01   1.3322000e-03   1.5817000e-03  -9.0126171e-01   1.8316000e-03   2.0815000e-03   9.0060844e-01   7.4630000e-04   1.0038000e-03   8.2415456e-01   1.2575000e-03   1.5073000e-03  -8.0774607e-01   1.7577000e-03   2.0073000e-03   8.0397371e-01   4.2000000e+01
   8.9685803e-04   1.1467580e-03   7.9697527e-01   1.3968580e-03   1.6467580e-03  -7.9697514e-01   1.8968580e-03   2.1467580e-03   7.9697515e-01   6.3555803e-04   8.8685803e-04   4.7962410e-01   1.1364580e-03   1.3866580e-03  -4.8260047e-01   1.6367580e-03   1.8867580e-03   4.8252869e-01   7.1025803e-04   9.6095803e-04   5.3909753e-01   1.2108580e-03   1.4609580e-03  -5.4031231e-01   1.7110580e-03   1.9609580e-03   5.4025984e-01   6.3555803e-04   8.8685803e-04   4.7962171e-01   1.1364580e-03   1.3866580e-03  -4.8259806e-01   1.6367580e-03   1.8867580e-03   4.8252627e-01  -5.2000000e+01
   8.9685810e-04   1.1467581e-03   7.9697527e-01   1.3968581e-03   1.6467581e-03  -7.9697514e-01   1.8968581e-03   2.1467581e-03   7.9697515e-01   6.3565810e-04   8.8705810e-04   4.8004003e-01   1.1365581e-03   1.3867581e-03  -4.8302220e-01   1.6368581e-03   1.8868581e-03   4.8294940e-01   7.1035810e-04   9.6105810e-04   5.3956771e-01   1.2109581e-03   1.4610581e-03  -5.4078390e-01   1.7111581e-03   1.9610581e-03   5.4073076e-01   6.3565810e-04   8.8705810e-04   4.8003763e-01   1.1365581e-03   1.3867581e-03  -4.8301978e-01   1.6368581e-03   1.8868581e-03   4.8294699e-01  -5.2000000e+01
   8.9687779e-04   1.1467778e-03   7.9697528e-01   1.3968778e-03   1.6467778e-03  -7.9697515e-01   1.8968778e-03   2.1467778e-03   7.9697516e-01   6.6307779e-04   9.1637779e-04   5.7984668e-01   1.1666778e-03   1.4170778e-03  -5.8295224e-01   1.6673778e-03   1.9172778e-03   5.8221698e-01   7.3917779e-04   9.9097779e-04   6.5182176e-01   1.2413778e-03   1.4914778e-03  -6.5226691e-01   1.7416778e-03   1.9915778e-03   6.5182281e-01   6.6307779e-04   9.1637779e-04   5.7984379e-01   1.1666778e-03   1.4170778e-03  -5.8294932e-01   1.6673778e-03   1.9172778e-03   5.8221407e-01  -5.1000000e+01
   8.9679954e-04   1.1467995e-03   7.9697527e-01   1.3967995e-03   1.6467995e-03  -7.9697515e-01   1.8967995e-03   2.1467995e-03   7.9697516e-01   6.8649954e-04   9.4169954e-04   6.5376272e-01   1.1929995e-03   1.4434995e-03  -6.5318058e-01   1.6939995e-03   1.9437995e-03   6.5113052e-01   7.6429954e-04   1.0168995e-03   7.3301352e-01   1.2678995e-03   1.5179995e-03  -7.2999717e-01   1.7681995e-03   2.0180995e-03   7.2896151e-01   6.8649954e-04   9.4169954e-04   6.5375945e-01   1.1929995e-03   1.4434995e-03  -6.5317731e-01   1.6939995e-03   1.9437995e-03   6.5112726e-01  -5.1000000e+01
   8.9680000e-04   1.1468000e-03   7.9697527e-01   1.3968000e-03   1.6468000e-03  -7.9697515e-01   1.8968000e-03   2.1468000e-03   7.9697516e-01   6.9680000e-04   9.5260000e-04   6.8159037e-01   1.2046000e-03   1.4549000e-03  -6.7787675e-01   1.7054000e-03   1.9552000e-03   6.7518770e-01   7.7540000e-04   1.0281000e-03   7.6254547e-01   1.2795000e-03   1.5294000e-03  -7.5712458e-01   1.7796000e-03   2.0295000e-03   7.5595881e-01   6.9680000e-04   9.5260000e-04   6.8158696e-01   1.2046000e-03   1.4549000e-03  -6.7787336e-01   1.7054000e-03   1.9552000e-03   6.7518432e-01  -5.1000000e+01
   8.9680000e-04   1.1468000e-03   7.9697527e-01   1.3968000e-03   1.6468000e-03  -7.9697515e-01   1.8968000e-03   2.1468000e-03   7.9697516e-01   7.0000000e-04   9.5600000e-04   6.8968104e-01   1.2082000e-03   1.4585000e-03  -6.8478621e-01   1.7090000e-03   1.9588000e-03   6.8192132e-01   7.7880000e-04   1.0316000e-03   7.7095144e-01   1.2831000e-03   1.5330000e-03  -7.6469402e-01   1.7831000e-03   2.0330000e-03   7.6353445e-01   7.0000000e-04   9.5600000e-04   6.8967759e-01   1.2082000e-03   1.4585000e-03  -6.8478279e-01   1.7090000e-03   1.9588000e-03   6.8191791e-01   5.1000000e+01
   8.9680000e-04   1.1468000e-03   7.9697527e-01   1.3968000e-03   1.6468000e-03  -7.9697515e-01   1.8968000e-03   2.1468000e-03   7.9697516e-01   6.9520000e-04   9.5090000e-04   6.7751853e-01   1.2028000e-03   1.4532000e-03  -6.7434847e-01   1.7037000e-03   1.9535000e-03   6.7175154e-01   7.7360000e-04   1.0264000e-03   7.5827996e-01   1.2777000e-03   1.5277000e-03  -7.5325614e-01   1.7779000e-03   2.0277000e-03   7.5209709e-01   6.9520000e-04   9.5090000e-04   6.7751515e-01   1.2028000e-03   1.4532000e-03  -6.7434510e-01   1.7037000e-03   1.9535000e-03   6.7174818e-01  -5.1000000e+01
   8.9680000e-04   1.1468000e-03   7.9697527e-01   1.3968000e-03   1.6468000e-03  -7.9697515e-01   1.8968000e-03   2.1468000e-03   7.9697516e-01   7.0270000e-04   9.5880000e-04   6.9618719e-01   1.2112000e-03   1.4614000e-03  -6.9023597e-01   1.7119000e-03   1.9617000e-03   6.8724101e-01   7.8180000e-04   1.0345000e-03   7.7763566e-01   1.2861000e-03   1.5359000e-03  -7.7065974e-01   1.7861000e-03   2.0359000e-03   7.6952856e-01   7.0270000e-04   9.5880000e-04   6.9618370e-01   1.2112000e-03   1.4614000e-03  -6.9023252e-01   1.7119000e-03   1.9617000e-03   6.8723758e-01   5.1000000e+01
   8.9680000e-04   1.1468000e-03   7.9697527e-01   1.3968000e-03   1.6468000e-03  -7.9697515e-01   1.8968000e-03   2.1468000e-03   7.9697516e-01   7.0980000e-04   9.6630000e-04   7.1227712e-01   1.2191000e-03   1.4692000e-03  -7.0323797e-01   1.7196000e-03   1.9693000e-03   7.0000307e-01   7.8950000e-04   1.0422000e-03   7.9380819e-01   1.2940000e-03   1.5436000e-03  -7.8488811e-01   1.7937000e-03   2.0435000e-03   7.8395578e-01   7.0980000e-04   9.6630000e-04   7.1227355e-01   1.2191000e-03   1.4692000e-03  -7.0323445e-01   1.7196000e-03   1.9693000e-03   6.9999957e-01   0.0000000e+00
   8.9680000e-04   1.1468000e-03   7.9697527e-01   1.3968000e-03   1.6468000e-03  -7.9697515e-01   1.8968000e-03   2.1468000e-03   7.9697516e-01   7.0840000e-04   9.6480000e-04   7.0926104e-01   1.2176000e-03   1.4677000e-03  -7.0085786e-01   1.7182000e-03   1.9679000e-03   6.9765553e-01   7.8800000e-04   1.0407000e-03   7.9082134e-01   1.2924000e-03   1.5421000e-03  -7.8228262e-01   1.7922000e-03   2.0421000e-03   7.8129570e-01   7.0840000e-04   9.6480000e-04   7.0925749e-01   1.2176000e-03   1.4677000e-03  -7.0085435e-01   1.7182000e-03   1.9679000e-03   6.9765204e-01   0.0000000e+00
   8.9680000e-04   1.1468000e-03   7.9697527e-01   1.3968000e-03   1.6468000e-03  -7.9697515e-01   1.8968000e-03   2.1468000e-03   7.9697516e-01   7.2100000e-04   9.7790000e-04   7.3408365e-01   1.2314000e-03   1.4811000e-03  -7.1945607e-01   1.7314000e-03   1.9810000e-03   7.1631383e-01   8.0160000e-04   1.0541000e-03   8.1454781e-01   1.3060000e-03   1.5554000e-03  -8.0272568e-01   1.8053000e-03   2.0552000e-03   8.0255929e-01   7.2100000e-04   9.7790000e-04   7.3407998e-01   1.2314000e-03   1.4811000e-03  -7.1945247e-01   1.7314000e-03   1.9810000e-03   7.1631025e-01   5.1000000e+01
   8.9680000e-04   1.1468000e-03   7.9697527e-01   1.3968000e-03   1.6468000e-03  -7.9697515e-01   1.8968000e-03   2.1468000e-03   7.9697516e-01   7.2150000e-04   9.7840000e-04   7.3507707e-01   1.2320000e-03   1.4817000e-03  -7.2014522e-01   1.7320000e-03   1.9816000e-03   7.1702819e-01   8.0220000e-04   1.0547000e-03   8.1544630e-01   1.3066000e-03   1.5560000e-03  -8.0349106e-01   1.8059000e-03   2.0558000e-03   8.0338062e-01   7.2150000e-04   9.7840000e-04   7.3507339e-01   1.2320000e-03   1.4817000e-03  -7.2014162e-01   1.7320000e-03   1.9816000e-03   7.1702461e-01   5.1000000e+01
   8.9680000e-04   1.1468000e-03   7.9697527e-01   1.3968000e-03   1.6468000e-03  -7.9697515e-01   1.8968000e-03   2.1468000e-03   7.9697516e-01   7.2440000e-04   9.8130000e-04   7.3983488e-01   1.2351000e-03   1.4846000e-03  -7.2337122e-01   1.7349000e-03   1.9845000e-03   7.2041447e-01   8.0530000e-04   1.0576000e-03   8.1967346e-01   1.3096000e-03   1.5589000e-03  -8.0709148e-01   1.8088000e-03   2.0586000e-03   8.0728440e-01   7.2440000e-04   9.8130000e-04   7.3983118e-01   1.2351000e-03   1.4846000e-03  -7.2336760e-01   1.7349000e-03   1.9845000e-03   7.2041087e-01   5.1000000e+01
   8.9680000e-04   1.1468000e-03   7.9697527e-01   1.3968000e-03   1.6468000e-03  -7.9697515e-01   1.8968000e-03   2.1468000e-03   7.9697516e-01   7.2950000e-04   9.8660000e-04   7.4773635e-01   1.2406000e-03   1.4899000e-03  -7.2841495e-01   1.7400000e-03   1.9897000e-03   7.2591452e-01   8.1090000e-04   1.0630000e-03   8.2635417e-01   1.3149000e-03   1.5641000e-03  -8.1281423e-01   1.8139000e-03   2.0638000e-03   8.1366787e-01   7.2950000e-04   9.8660000e-04   7.4773260e-01   1.2406000e-03   1.4899000e-03  -7.2841131e-01   1.7400000e-03   1.9897000e-03   7.2591089e-01   5.1000000e+01
   8.9680000e-04   1.1468000e-03   7.9697527e-01   1.3968000e-03   1.6468000e-03  -7.9697515e-01   1.8968000e-03   2.1468000e-03   7.9697516e-01   7.4490000e-04   1.0018000e-03   7.6510938e-01   1.2566000e-03   1.5050000e-03  -7.3734263e-01   1.7546000e-03   2.0044000e-03   7.3768696e-01   8.2760000e-04   1.0785000e-03   8.3820414e-01   1.3301000e-03   1.5790000e-03  -8.2408597e-01   1.8284000e-03   2.0785000e-03   8.2755474e-01   7.4490000e-04   1.0018000e-03   7.6510555e-01   1.2566000e-03   1.5050000e-03  -7.3733894e-01   1.7546000e-03   2.0044000e-03   7.3768327e-01   5.1000000e+01
   8.9680000e-04   1.1468000e-03   7.9697527e-01   1.3968000e-03   1.6468000e-03  -7.9697515e-01   1.8968000e-03   2.1468000e-03   7.9697516e-01   7.4960000e-04   1.0064000e-03   7.6858679e-01   1.2613000e-03   1.5096000e-03  -7.3842421e-01   1.7589000e-03   2.0087000e-03   7.4015777e-01   8.3270000e-04   1.0832000e-03   8.3941780e-01   1.3345000e-03   1.5834000e-03  -8.2613001e-01   1.8328000e-03   2.0829000e-03   8.3048279e-01   7.4960000e-04   1.0064000e-03   7.6858294e-01   1.2613000e-03   1.5096000e-03  -7.3842052e-01   1.7589000e-03   2.0087000e-03   7.4015407e-01   5.2000000e+01
   8.9680000e-04   1.1468000e-03   7.9697527e-01   1.3968000e-03   1.6468000e-03  -7.9697515e-01   1.8968000e-03   2.1468000e-03   7.9697516e-01   7.4950000e-04   1.0062000e-03   7.6847116e-01   1.2612000e-03   1.5094000e-03  -7.3839638e-01   1.7588000e-03   2.0086000e-03   7.4007238e-01   8.3260000e-04   1.0830000e-03   8.3939304e-01   1.3343000e-03   1.5832000e-03  -8.2606233e-01   1.8326000e-03   2.0827000e-03   8.3038217e-01   7.4950000e-04   1.0062000e-03   7.6846731e-01   1.2612000e-03   1.5094000e-03  -7.3839268e-01   1.7588000e-03   2.0086000e-03   7.4006868e-01   5.2000000e+01
   8.9685711e-04   1.1467571e-03   7.9697527e-01   1.3968571e-03   1.6467571e-03  -7.9697514e-01   1.8968571e-03   2.1467571e-03   7.9697515e-01   6.3415711e-04   8.8535711e-04   4.7401810e-01   1.1348571e-03   1.3850571e-03  -4.7691457e-01   1.6351571e-03   1.8851571e-03   4.7685565e-01   7.7125711e-04   1.0219571e-03   7.3147215e-01   1.2721571e-03   1.5221571e-03  -7.3155133e-01   1.7721571e-03   2.0221571e-03   7.3147177e-01   6.3415711e-04   8.8535711e-04   4.7401573e-01   1.1348571e-03   1.3850571e-03  -4.7691218e-01   1.6351571e-03   1.8851571e-03   4.7685327e-01  -6.2000000e+01
   8.9685587e-04   1.1467559e-03   7.9697527e-01   1.3968559e-03   1.6467559e-03  -7.9697514e-01   1.8968559e-03   2.1467559e-03   7.9697515e-01   6.3215587e-04   8.8325587e-04   4.6633443e-01   1.1327559e-03   1.3829559e-03  -4.6911596e-01   1.6330559e-03   1.8829559e-03   4.6907213e-01   7.7095587e-04   1.0215559e-03   7.2873552e-01   1.2716559e-03   1.5216559e-03  -7.2883118e-01   1.7717559e-03   2.0217559e-03   7.2876218e-01   6.3215587e-04   8.8325587e-04   4.6633210e-01   1.1327559e-03   1.3829559e-03  -4.6911361e-01   1.6330559e-03   1.8829559e-03   4.6906978e-01  -6.2000000e+01
   8.9688303e-04   1.1467830e-03   7.9697528e-01   1.3968830e-03   1.6467830e-03  -7.9697515e-01   1.8968830e-03   2.1467830e-03   7.9697516e-01   6.6928303e-04   9.2308303e-04   6.0068834e-01   1.1735830e-03   1.4240830e-03  -6.0324671e-01   1.6744830e-03   1.9243830e-03   6.0222214e-01   7.7938303e-04   1.0309830e-03   7.7332612e-01   1.2816830e-03   1.5316830e-03  -7.7167114e-01   1.7818830e-03   2.0317830e-03   7.7113804e-01   6.6928303e-04   9.2308303e-04   6.0068533e-01   1.1735830e-03   1.4240830e-03  -6.0324370e-01   1.6744830e-03   1.9243830e-03   6.0221913e-01  -6.1000000e+01
   8.9680000e-04   1.1468000e-03   7.9697527e-01   1.3968000e-03   1.6468000e-03  -7.9697515e-01   1.8968000e-03   2.1468000e-03   7.9697516e-01   6.9150000e-04   9.4700000e-04   6.6769867e-01   1.1987000e-03   1.4491000e-03  -6.6571221e-01   1.6996000e-03   1.9494000e-03   6.6334192e-01   7.8570000e-04   1.0380000e-03   7.9079038e-01   1.2892000e-03   1.5391000e-03  -7.8584891e-01   1.7893000e-03   2.0392000e-03   7.8490534e-01   6.9150000e-04   9.4700000e-04   6.6769533e-01   1.1987000e-03   1.4491000e-03  -6.6570888e-01   1.6996000e-03   1.9494000e-03   6.6333860e-01  -6.1000000e+01
   8.9680000e-04   1.1468000e-03   7.9697527e-01   1.3968000e-03   1.6468000e-03  -7.9697515e-01   1.8968000e-03   2.1468000e-03   7.9697516e-01   6.9310000e-04   9.4870000e-04   6.7207932e-01   1.2005000e-03   1.4509000e-03  -6.6958624e-01   1.7014000e-03   1.9512000e-03   6.6711442e-01   7.8620000e-04   1.0386000e-03   7.9172908e-01   1.2898000e-03   1.5397000e-03  -7.8647154e-01   1.7898000e-03   2.0397000e-03   7.8550971e-01   6.9310000e-04   9.4870000e-04   6.7207596e-01   1.2005000e-03   1.4509000e-03  -6.6958290e-01   1.7014000e-03   1.9512000e-03   6.6711109e-01  -6.1000000e+01
   8.9680000e-04   1.1468000e-03   7.9697527e-01   1.3968000e-03   1.6468000e-03  -7.9697515e-01   1.8968000e-03   2.1468000e-03   7.9697516e-01   6.8820000e-04   9.4350000e-04   6.5851358e-01   1.1949000e-03   1.4454000e-03  -6.5748629e-01   1.6959000e-03   1.9457000e-03   6.5532814e-01   7.8470000e-04   1.0369000e-03   7.8872254e-01   1.2881000e-03   1.5380000e-03  -7.8439619e-01   1.7882000e-03   2.0380000e-03   7.8349855e-01   6.8820000e-04   9.4350000e-04   6.5851029e-01   1.1949000e-03   1.4454000e-03  -6.5748300e-01   1.6959000e-03   1.9457000e-03   6.5532487e-01  -6.1000000e+01
   8.9680000e-04   1.1468000e-03   7.9697527e-01   1.3968000e-03   1.6468000e-03  -7.9697515e-01   1.8968000e-03   2.1468000e-03   7.9697516e-01   7.0460000e-04   9.6090000e-04   7.0072171e-01   1.2134000e-03   1.4636000e-03  -6.9397275e-01   1.7141000e-03   1.9638000e-03   6.9089597e-01   7.8980000e-04   1.0423000e-03   7.9693979e-01   1.2939000e-03   1.5437000e-03  -7.8919795e-01   1.7938000e-03   2.0436000e-03   7.8822569e-01   7.0460000e-04   9.6090000e-04   7.0071821e-01   1.2134000e-03   1.4636000e-03  -6.9396928e-01   1.7141000e-03   1.9638000e-03   6.9089252e-01   0.0000000e+00
   8.9680000e-04   1.1468000e-03   7.9697527e-01   1.3968000e-03   1.6468000e-03  -7.9697515e-01   1.8968000e-03   2.1468000e-03   7.9697516e-01   7.0500000e-04   9.6130000e-04   7.0165193e-01   1.2138000e-03   1.4640000e-03  -6.9473269e-01   1.7145000e-03   1.9642000e-03   6.9164022e-01   7.8990000e-04   1.0425000e-03   7.9707678e-01   1.2941000e-03   1.5438000e-03  -7.8924063e-01   1.7939000e-03   2.0438000e-03   7.8827282e-01   7.0500000e-04   9.6130000e-04   7.0164842e-01   1.2138000e-03   1.4640000e-03  -6.9472921e-01   1.7145000e-03   1.9642000e-03   6.9163676e-01   0.0000000e+00
   8.9680000e-04   1.1468000e-03   7.9697527e-01   1.3968000e-03   1.6468000e-03  -7.9697515e-01   1.8968000e-03   2.1468000e-03   7.9697516e-01   7.0550000e-04   9.6180000e-04   7.0282769e-01   1.2144000e-03   1.4646000e-03  -6.9568983e-01   1.7150000e-03   1.9648000e-03   6.9257821e-01   7.9010000e-04   1.0426000e-03   7.9724642e-01   1.2943000e-03   1.5440000e-03  -7.8928976e-01   1.7941000e-03   2.0439000e-03   7.8832818e-01   7.0550000e-04   9.6180000e-04   7.0282417e-01   1.2144000e-03   1.4646000e-03  -6.9568635e-01   1.7150000e-03   1.9648000e-03   6.9257475e-01   0.0000000e+00
   8.9680000e-04   1.1468000e-03   7.9697527e-01   1.3968000e-03   1.6468000e-03  -7.9697515e-01   1.8968000e-03   2.1468000e-03   7.9697516e-01   7.1140000e-04   9.6800000e-04   7.1567673e-01   1.2209000e-03   1.4709000e-03  -7.0588555e-01   1.7214000e-03   1.9711000e-03   7.0262334e-01   7.9190000e-04   1.0446000e-03   7.9882174e-01   1.2964000e-03   1.5460000e-03  -7.8944286e-01   1.7961000e-03   2.0459000e-03   7.8860296e-01   7.1140000e-04   9.6800000e-04   7.1567315e-01   1.2209000e-03   1.4709000e-03  -7.0588202e-01   1.7214000e-03   1.9711000e-03   7.0261983e-01   0.0000000e+00
   8.9680000e-04   1.1468000e-03   7.9697527e-01   1.3968000e-03   1.6468000e-03  -7.9697515e-01   1.8968000e-03   2.1468000e-03   7.9697516e-01   7.2700000e-04   9.8400000e-04   7.4395870e-01   1.2379000e-03   1.4873000e-03  -7.2605710e-01   1.7375000e-03   1.9871000e-03   7.2330342e-01   7.9700000e-04   1.0497000e-03   7.9965891e-01   1.3019000e-03   1.5512000e-03  -7.8633879e-01   1.8010000e-03   2.0509000e-03   7.8639362e-01   7.2700000e-04   9.8400000e-04   7.4395498e-01   1.2379000e-03   1.4873000e-03  -7.2605347e-01   1.7375000e-03   1.9871000e-03   7.2329980e-01   6.1000000e+01
   8.9680000e-04   1.1468000e-03   7.9697527e-01   1.3968000e-03   1.6468000e-03  -7.9697515e-01   1.8968000e-03   2.1468000e-03   7.9697516e-01   7.1670000e-04   9.7350000e-04   7.2629269e-01   1.2268000e-03   1.4766000e-03  -7.1388535e-01   1.7270000e-03   1.9766000e-03   7.1062360e-01   7.9360000e-04   1.0464000e-03   7.9965689e-01   1.2983000e-03   1.5478000e-03  -7.8894306e-01   1.7978000e-03   2.0476000e-03   7.8830491e-01   7.1670000e-04   9.7350000e-04   7.2628906e-01   1.2268000e-03   1.4766000e-03  -7.1388178e-01   1.7270000e-03   1.9766000e-03   7.1062005e-01   6.1000000e+01
   8.9680000e-04   1.1468000e-03   7.9697527e-01   1.3968000e-03   1.6468000e-03  -7.9697515e-01   1.8968000e-03   2.1468000e-03   7.9697516e-01   7.2550000e-04   9.8250000e-04   7.4173759e-01   1.2364000e-03   1.4858000e-03  -7.2462398e-01   1.7361000e-03   1.9857000e-03   7.2175258e-01   7.9650000e-04   1.0493000e-03   7.9978648e-01   1.3014000e-03   1.5507000e-03  -7.8682400e-01   1.8006000e-03   2.0505000e-03   7.8675616e-01   7.2550000e-04   9.8250000e-04   7.4173388e-01   1.2364000e-03   1.4858000e-03  -7.2462035e-01   1.7361000e-03   1.9857000e-03   7.2174897e-01   6.1000000e+01
   8.9680000e-04   1.1468000e-03   7.9697527e-01   1.3968000e-03   1.6468000e-03  -7.9697515e-01   1.8968000e-03   2.1468000e-03   7.9697516e-01   7.2680000e-04   9.8380000e-04   7.4364721e-01   1.2377000e-03   1.4871000e-03  -7.2585812e-01   1.7373000e-03   1.9869000e-03   7.2308665e-01   7.9690000e-04   1.0497000e-03   7.9967959e-01   1.3018000e-03   1.5511000e-03  -7.8641019e-01   1.8010000e-03   2.0508000e-03   7.8644699e-01   7.2680000e-04   9.8380000e-04   7.4364349e-01   1.2377000e-03   1.4871000e-03  -7.2585449e-01   1.7373000e-03   1.9869000e-03   7.2308303e-01   6.1000000e+01
   8.9680000e-04   1.1468000e-03   7.9697527e-01   1.3968000e-03   1.6468000e-03  -7.9697515e-01   1.8968000e-03   2.1468000e-03   7.9697516e-01   7.3810000e-04   9.9510000e-04   7.5859991e-01   1.2496000e-03   1.4985000e-03  -7.3448058e-01   1.7484000e-03   1.9980000e-03   7.3327538e-01   8.0070000e-04   1.0533000e-03   7.9724948e-01   1.3056000e-03   1.5547000e-03  -7.8131110e-01   1.8043000e-03   2.0542000e-03   7.8264241e-01   7.3810000e-04   9.9510000e-04   7.5859611e-01   1.2496000e-03   1.4985000e-03  -7.3447691e-01   1.7484000e-03   1.9980000e-03   7.3327172e-01   6.1000000e+01
   8.9680000e-04   1.1468000e-03   7.9697527e-01   1.3968000e-03   1.6468000e-03  -7.9697515e-01   1.8968000e-03   2.1468000e-03   7.9697516e-01   7.3960000e-04   9.9660000e-04   7.6016290e-01   1.2512000e-03   1.4999000e-03  -7.3523762e-01   1.7497000e-03   1.9994000e-03   7.3432651e-01   8.0120000e-04   1.0538000e-03   7.9674722e-01   1.3061000e-03   1.5551000e-03  -7.8049911e-01   1.8047000e-03   2.0546000e-03   7.8204118e-01   7.3960000e-04   9.9660000e-04   7.6015910e-01   1.2512000e-03   1.4999000e-03  -7.3523394e-01   1.7497000e-03   1.9994000e-03   7.3432284e-01   6.1000000e+01
   8.9680000e-04   1.1468000e-03   7.9697527e-01   1.3968000e-03   1.6468000e-03  -7.9697515e-01   1.8968000e-03   2.1468000e-03   7.9697516e-01   7.5520000e-04   1.0117000e-03   7.7142744e-01   1.2667000e-03   1.5146000e-03  -7.3879278e-01   1.7637000e-03   2.0137000e-03   7.4242772e-01   8.0630000e-04   1.0585000e-03   7.8875272e-01   1.3109000e-03   1.5594000e-03  -7.7007309e-01   1.8087000e-03   2.0588000e-03   7.7443132e-01   7.5520000e-04   1.0117000e-03   7.7142358e-01   1.2667000e-03   1.5146000e-03  -7.3878908e-01   1.7637000e-03   2.0137000e-03   7.4242401e-01   6.2000000e+01
